[loci]=1429

[populations]=3

[pop]=1
 1	26	2	9 17 
 2	22	2	16 6 
 3	20	2	16 4 
 4	26	2	19 7 
 5	26	3	2 22 2 
 6	20	2	11 9 
 7	22	2	14 8 
 8	28	2	19 9 
 9	22	2	11 11 
 10	26	2	14 12 
 11	28	2	19 9 
 12	28	2	19 9 
 13	24	2	6 18 
 14	20	2	13 7 
 15	26	2	18 8 
 16	24	2	11 13 
 17	26	3	2 7 17 
 18	26	2	9 17 
 19	26	2	11 15 
 20	24	2	21 3 
 21	26	2	9 17 
 22	22	2	16 6 
 23	24	2	17 7 
 24	26	2	16 10 
 25	24	2	8 16 
 26	24	2	8 16 
 27	24	2	14 10 
 28	22	2	10 12 
 29	22	3	1 3 18 
 30	22	2	9 13 
 31	22	2	10 12 
 32	22	2	20 2 
 33	28	2	20 8 
 34	28	2	8 20 
 35	24	4	4 4 16 0 
 36	24	2	9 15 
 37	22	2	15 7 
 38	20	2	15 5 
 39	24	2	5 19 
 40	24	2	17 7 
 41	18	2	15 3 
 42	20	2	11 9 
 43	24	2	10 14 
 44	26	2	14 12 
 45	18	2	12 6 
 46	20	2	10 10 
 47	26	2	11 15 
 48	28	2	19 9 
 49	28	2	21 7 
 50	20	2	9 11 
 51	24	2	8 16 
 52	18	2	2 16 
 53	26	2	15 11 
 54	22	2	9 13 
 55	28	2	12 16 
 56	30	2	7 23 
 57	24	2	14 10 
 58	22	3	5 17 0 
 59	18	2	6 12 
 60	22	2	14 8 
 61	20	2	18 2 
 62	26	2	8 18 
 63	24	2	20 4 
 64	24	2	13 11 
 65	20	2	13 7 
 66	26	2	7 19 
 67	26	2	12 14 
 68	20	2	9 11 
 69	26	2	7 19 
 70	24	2	18 6 
 71	28	2	13 15 
 72	22	2	4 18 
 73	24	2	22 2 
 74	24	2	24 0 
 75	18	2	14 4 
 76	22	2	11 11 
 77	26	2	18 8 
 78	22	2	10 12 
 79	24	2	6 18 
 80	24	2	9 15 
 81	26	2	12 14 
 82	24	2	11 13 
 83	24	2	15 9 
 84	26	2	20 6 
 85	22	2	12 10 
 86	20	2	12 8 
 87	24	2	10 14 
 88	28	2	28 0 
 89	26	2	9 17 
 90	20	2	5 15 
 91	26	2	16 10 
 92	24	2	2 22 
 93	24	2	15 9 
 94	28	2	18 10 
 95	28	2	18 10 
 96	24	2	19 5 
 97	24	2	7 17 
 98	24	2	10 14 
 99	22	2	3 19 
 100	22	2	18 4 
 101	28	2	10 18 
 102	24	2	5 19 
 103	20	2	10 10 
 104	24	2	17 7 
 105	24	2	11 13 
 106	20	2	6 14 
 107	22	2	16 6 
 108	26	2	13 13 
 109	24	3	1 16 7 
 110	24	3	1 19 4 
 111	30	3	2 6 22 
 112	28	2	5 23 
 113	28	2	21 7 
 114	18	2	1 17 
 115	24	2	15 9 
 116	16	2	6 10 
 117	20	2	6 14 
 118	24	2	23 1 
 119	24	2	8 16 
 120	22	2	5 17 
 121	24	3	2 2 20 
 122	24	2	22 2 
 123	20	2	17 3 
 124	22	3	0 19 3 
 125	22	2	10 12 
 126	30	2	10 20 
 127	24	2	11 13 
 128	22	2	20 2 
 129	18	2	7 11 
 130	26	3	1 1 24 
 131	24	2	15 9 
 132	22	2	16 6 
 133	26	2	6 20 
 134	30	2	16 14 
 135	24	2	17 7 
 136	26	2	17 9 
 137	24	2	14 10 
 138	24	2	14 10 
 139	20	2	19 1 
 140	24	2	9 15 
 141	26	2	18 8 
 142	18	2	6 12 
 143	20	2	16 4 
 144	24	2	19 5 
 145	22	2	7 15 
 146	16	2	2 14 
 147	18	2	2 16 
 148	18	2	9 9 
 149	22	2	7 15 
 150	18	2	2 16 
 151	20	2	10 10 
 152	22	2	6 16 
 153	26	2	10 16 
 154	26	2	2 24 
 155	22	2	12 10 
 156	24	2	11 13 
 157	24	2	12 12 
 158	28	2	23 5 
 159	22	2	5 17 
 160	24	2	13 11 
 161	24	2	21 3 
 162	26	2	10 16 
 163	26	2	16 10 
 164	22	2	18 4 
 165	26	2	13 13 
 166	20	2	15 5 
 167	22	2	15 7 
 168	20	2	11 9 
 169	24	2	14 10 
 170	24	2	7 17 
 171	26	2	12 14 
 172	18	2	8 10 
 173	26	2	20 6 
 174	20	2	5 15 
 175	28	2	15 13 
 176	24	2	14 10 
 177	22	2	13 9 
 178	28	2	18 10 
 179	26	2	11 15 
 180	26	2	16 10 
 181	24	2	23 1 
 182	22	2	13 9 
 183	28	2	11 17 
 184	22	2	9 13 
 185	28	2	25 3 
 186	28	2	15 13 
 187	26	2	18 8 
 188	24	3	3 19 2 
 189	24	2	4 20 
 190	24	2	3 21 
 191	22	2	3 19 
 192	26	2	5 21 
 193	24	2	10 14 
 194	24	2	2 22 
 195	26	3	0 24 2 
 196	28	2	8 20 
 197	20	2	8 12 
 198	26	2	18 8 
 199	16	2	9 7 
 200	26	2	17 9 
 201	24	2	8 16 
 202	26	2	11 15 
 203	24	2	8 16 
 204	24	2	16 8 
 205	24	2	15 9 
 206	28	2	10 18 
 207	24	2	19 5 
 208	26	2	15 11 
 209	24	2	10 14 
 210	24	2	11 13 
 211	24	2	13 11 
 212	22	2	11 11 
 213	24	2	18 6 
 214	22	2	9 13 
 215	22	2	5 17 
 216	24	2	18 6 
 217	28	2	18 10 
 218	22	2	5 17 
 219	24	2	18 6 
 220	22	2	10 12 
 221	24	2	17 7 
 222	22	2	12 10 
 223	22	2	8 14 
 224	26	2	0 26 
 225	28	2	6 22 
 226	26	2	10 16 
 227	26	2	1 25 
 228	22	2	14 8 
 229	26	2	0 26 
 230	24	2	12 12 
 231	26	2	16 10 
 232	20	3	0 18 2 
 233	20	3	0 18 2 
 234	22	2	9 13 
 235	20	2	9 11 
 236	22	2	14 8 
 237	20	2	13 7 
 238	24	2	21 3 
 239	22	2	5 17 
 240	22	2	5 17 
 241	20	2	12 8 
 242	22	2	13 9 
 243	26	2	13 13 
 244	18	2	12 6 
 245	20	2	15 5 
 246	24	2	6 18 
 247	18	2	6 12 
 248	26	2	15 11 
 249	28	2	8 20 
 250	22	2	16 6 
 251	24	2	24 0 
 252	26	2	21 5 
 253	28	2	11 17 
 254	22	2	9 13 
 255	26	2	10 16 
 256	18	2	11 7 
 257	18	2	7 11 
 258	26	2	16 10 
 259	24	2	22 2 
 260	22	2	4 18 
 261	20	2	8 12 
 262	26	2	17 9 
 263	26	2	7 19 
 264	22	2	2 20 
 265	26	2	24 2 
 266	28	3	11 7 10 
 267	26	2	14 12 
 268	26	2	8 18 
 269	20	2	14 6 
 270	26	2	11 15 
 271	26	2	11 15 
 272	22	2	15 7 
 273	24	2	18 6 
 274	22	2	5 17 
 275	22	2	17 5 
 276	24	2	12 12 
 277	18	2	4 14 
 278	24	2	15 9 
 279	24	2	12 12 
 280	26	2	7 19 
 281	22	2	17 5 
 282	28	2	12 16 
 283	24	2	16 8 
 284	26	2	18 8 
 285	26	2	14 12 
 286	24	2	7 17 
 287	20	2	10 10 
 288	28	2	18 10 
 289	26	3	0 21 5 
 290	20	2	7 13 
 291	26	2	23 3 
 292	26	2	8 18 
 293	26	2	9 17 
 294	22	2	14 8 
 295	22	3	1 4 17 
 296	22	2	17 5 
 297	22	2	11 11 
 298	22	2	2 20 
 299	24	2	6 18 
 300	26	2	9 17 
 301	24	2	8 16 
 302	22	2	10 12 
 303	28	2	8 20 
 304	26	2	16 10 
 305	26	2	6 20 
 306	22	2	7 15 
 307	26	2	13 13 
 308	22	2	8 14 
 309	26	2	6 20 
 310	26	2	6 20 
 311	24	2	4 20 
 312	24	2	13 11 
 313	20	2	9 11 
 314	22	2	4 18 
 315	22	2	19 3 
 316	22	2	13 9 
 317	24	2	10 14 
 318	28	2	7 21 
 319	26	2	16 10 
 320	26	2	11 15 
 321	22	2	7 15 
 322	22	2	11 11 
 323	24	2	12 12 
 324	20	2	13 7 
 325	22	2	8 14 
 326	26	2	7 19 
 327	24	2	16 8 
 328	24	2	13 11 
 329	26	2	12 14 
 330	20	2	1 19 
 331	28	2	26 2 
 332	28	2	20 8 
 333	26	2	1 25 
 334	22	2	14 8 
 335	24	2	23 1 
 336	26	2	15 11 
 337	24	2	15 9 
 338	24	2	19 5 
 339	24	3	18 4 2 
 340	24	2	10 14 
 341	24	2	7 17 
 342	26	2	2 24 
 343	20	2	8 12 
 344	24	2	15 9 
 345	24	2	16 8 
 346	26	2	7 19 
 347	24	2	7 17 
 348	24	2	7 17 
 349	20	2	10 10 
 350	26	2	14 12 
 351	18	2	5 13 
 352	20	2	4 16 
 353	22	2	13 9 
 354	28	3	2 21 5 
 355	22	2	5 17 
 356	26	2	11 15 
 357	30	2	15 15 
 358	22	2	12 10 
 359	28	3	22 2 4 
 360	22	2	19 3 
 361	24	2	8 16 
 362	26	2	18 8 
 363	24	2	9 15 
 364	28	2	17 11 
 365	18	3	2 9 7 
 366	22	3	2 1 19 
 367	24	2	10 14 
 368	24	2	13 11 
 369	26	2	20 6 
 370	28	2	9 19 
 371	20	2	3 17 
 372	28	2	13 15 
 373	26	2	2 24 
 374	24	2	14 10 
 375	22	2	8 14 
 376	22	2	13 9 
 377	20	2	9 11 
 378	20	2	12 8 
 379	20	2	7 13 
 380	24	2	10 14 
 381	20	2	11 9 
 382	26	3	6 20 0 
 383	26	2	5 21 
 384	28	2	17 11 
 385	22	2	9 13 
 386	30	2	18 12 
 387	24	2	7 17 
 388	24	2	11 13 
 389	20	2	7 13 
 390	22	2	9 13 
 391	24	2	2 22 
 392	22	2	13 9 
 393	22	2	4 18 
 394	22	2	8 14 
 395	22	2	2 20 
 396	24	3	20 4 0 
 397	24	2	21 3 
 398	20	2	12 8 
 399	20	2	7 13 
 400	26	2	19 7 
 401	22	2	12 10 
 402	20	2	11 9 
 403	22	2	14 8 
 404	26	2	15 11 
 405	20	2	8 12 
 406	24	2	16 8 
 407	24	2	11 13 
 408	18	2	0 18 
 409	22	2	10 12 
 410	24	2	6 18 
 411	24	2	20 4 
 412	24	2	10 14 
 413	24	3	2 20 2 
 414	26	2	8 18 
 415	22	2	18 4 
 416	24	2	13 11 
 417	24	2	18 6 
 418	26	2	18 8 
 419	24	2	22 2 
 420	20	2	9 11 
 421	26	2	14 12 
 422	26	2	10 16 
 423	24	2	13 11 
 424	22	2	9 13 
 425	26	2	14 12 
 426	24	2	20 4 
 427	18	2	12 6 
 428	20	2	11 9 
 429	18	2	7 11 
 430	16	2	7 9 
 431	18	2	9 9 
 432	18	2	12 6 
 433	20	2	10 10 
 434	18	2	6 12 
 435	24	2	5 19 
 436	24	2	20 4 
 437	20	2	6 14 
 438	30	2	25 5 
 439	26	2	15 11 
 440	26	2	24 2 
 441	26	2	9 17 
 442	24	2	16 8 
 443	18	2	12 6 
 444	22	2	7 15 
 445	28	2	11 17 
 446	26	2	18 8 
 447	24	2	10 14 
 448	26	2	13 13 
 449	22	2	8 14 
 450	24	2	9 15 
 451	20	2	0 20 
 452	26	2	15 11 
 453	26	2	11 15 
 454	20	2	13 7 
 455	18	2	11 7 
 456	24	2	13 11 
 457	26	2	5 21 
 458	24	2	6 18 
 459	30	2	19 11 
 460	22	2	4 18 
 461	16	2	0 16 
 462	24	2	21 3 
 463	22	2	12 10 
 464	24	2	13 11 
 465	26	2	13 13 
 466	26	2	20 6 
 467	24	2	16 8 
 468	20	2	1 19 
 469	24	2	4 20 
 470	26	2	15 11 
 471	20	2	9 11 
 472	26	2	9 17 
 473	22	2	12 10 
 474	20	3	1 0 19 
 475	24	2	14 10 
 476	22	2	14 8 
 477	22	2	17 5 
 478	26	2	8 18 
 479	26	2	8 18 
 480	22	2	8 14 
 481	28	2	18 10 
 482	24	2	16 8 
 483	18	2	6 12 
 484	24	2	15 9 
 485	26	2	14 12 
 486	22	3	4 9 9 
 487	24	2	8 16 
 488	22	2	14 8 
 489	24	2	4 20 
 490	22	2	12 10 
 491	22	2	17 5 
 492	24	2	13 11 
 493	26	2	7 19 
 494	28	2	9 19 
 495	24	2	4 20 
 496	22	2	19 3 
 497	22	2	18 4 
 498	20	2	6 14 
 499	26	2	11 15 
 500	24	2	16 8 
 501	24	2	19 5 
 502	26	2	18 8 
 503	20	2	7 13 
 504	22	2	7 15 
 505	22	2	7 15 
 506	26	2	8 18 
 507	26	2	10 16 
 508	24	2	16 8 
 509	20	2	4 16 
 510	18	2	8 10 
 511	28	2	7 21 
 512	26	2	3 23 
 513	26	2	3 23 
 514	24	2	18 6 
 515	22	2	16 6 
 516	18	2	4 14 
 517	26	2	26 0 
 518	26	2	13 13 
 519	24	2	6 18 
 520	24	2	9 15 
 521	22	2	18 4 
 522	28	2	8 20 
 523	26	2	19 7 
 524	28	3	10 17 1 
 525	24	2	6 18 
 526	28	2	16 12 
 527	20	3	2 4 14 
 528	22	2	6 16 
 529	20	2	8 12 
 530	20	2	15 5 
 531	24	2	9 15 
 532	18	2	9 9 
 533	26	2	9 17 
 534	26	2	13 13 
 535	26	3	4 20 2 
 536	20	2	7 13 
 537	26	2	4 22 
 538	24	2	10 14 
 539	24	2	12 12 
 540	26	2	16 10 
 541	20	2	6 14 
 542	24	2	16 8 
 543	20	2	2 18 
 544	22	2	17 5 
 545	24	2	6 18 
 546	24	2	17 7 
 547	22	2	10 12 
 548	24	3	3 4 17 
 549	22	2	13 9 
 550	22	2	9 13 
 551	22	2	10 12 
 552	28	2	19 9 
 553	26	2	15 11 
 554	26	2	12 14 
 555	26	2	18 8 
 556	26	3	0 0 26 
 557	26	3	0 26 0 
 558	22	2	13 9 
 559	24	2	15 9 
 560	22	2	11 11 
 561	22	2	22 0 
 562	28	2	1 27 
 563	20	2	11 9 
 564	24	2	2 22 
 565	18	2	7 11 
 566	26	2	14 12 
 567	26	2	13 13 
 568	22	2	10 12 
 569	24	2	14 10 
 570	26	2	20 6 
 571	24	2	17 7 
 572	22	2	13 9 
 573	26	2	15 11 
 574	26	2	12 14 
 575	26	2	14 12 
 576	18	2	6 12 
 577	24	2	10 14 
 578	30	2	14 16 
 579	22	2	19 3 
 580	22	2	0 22 
 581	24	2	13 11 
 582	26	2	19 7 
 583	20	2	15 5 
 584	28	2	4 24 
 585	28	3	3 10 15 
 586	28	2	15 13 
 587	22	2	17 5 
 588	24	2	4 20 
 589	22	2	14 8 
 590	22	2	11 11 
 591	20	2	11 9 
 592	28	2	10 18 
 593	28	2	14 14 
 594	26	2	21 5 
 595	20	2	9 11 
 596	24	2	12 12 
 597	20	2	12 8 
 598	26	2	8 18 
 599	24	2	13 11 
 600	24	2	18 6 
 601	22	2	9 13 
 602	24	2	5 19 
 603	26	2	22 4 
 604	20	2	4 16 
 605	28	2	21 7 
 606	20	2	18 2 
 607	28	2	9 19 
 608	24	2	9 15 
 609	24	3	3 17 4 
 610	24	2	12 12 
 611	22	2	9 13 
 612	26	2	17 9 
 613	20	2	2 18 
 614	28	2	16 12 
 615	24	2	13 11 
 616	26	2	9 17 
 617	22	2	16 6 
 618	24	2	7 17 
 619	24	2	2 22 
 620	24	2	13 11 
 621	22	2	9 13 
 622	22	2	12 10 
 623	20	2	17 3 
 624	22	2	11 11 
 625	24	2	8 16 
 626	24	2	1 23 
 627	24	2	10 14 
 628	26	2	8 18 
 629	30	2	22 8 
 630	22	2	16 6 
 631	26	2	6 20 
 632	22	2	21 1 
 633	22	2	16 6 
 634	18	2	10 8 
 635	24	2	8 16 
 636	20	2	9 11 
 637	20	2	11 9 
 638	28	2	9 19 
 639	24	2	11 13 
 640	22	2	8 14 
 641	24	2	16 8 
 642	22	2	11 11 
 643	22	2	11 11 
 644	20	2	6 14 
 645	28	3	2 24 2 
 646	22	2	13 9 
 647	26	2	14 12 
 648	26	2	12 14 
 649	26	2	19 7 
 650	28	2	10 18 
 651	22	2	11 11 
 652	24	2	9 15 
 653	22	2	14 8 
 654	26	2	19 7 
 655	22	2	12 10 
 656	22	2	10 12 
 657	20	2	4 16 
 658	18	2	7 11 
 659	20	2	3 17 
 660	28	2	8 20 
 661	26	2	3 23 
 662	26	2	12 14 
 663	24	2	15 9 
 664	20	2	8 12 
 665	26	2	22 4 
 666	24	2	17 7 
 667	24	2	18 6 
 668	22	2	11 11 
 669	22	2	7 15 
 670	22	3	2 19 1 
 671	24	2	13 11 
 672	24	2	11 13 
 673	24	2	1 23 
 674	22	2	9 13 
 675	26	2	13 13 
 676	26	2	18 8 
 677	24	2	2 22 
 678	24	2	2 22 
 679	28	2	11 17 
 680	26	2	9 17 
 681	24	2	7 17 
 682	26	2	16 10 
 683	24	2	11 13 
 684	20	2	15 5 
 685	26	2	11 15 
 686	22	2	9 13 
 687	22	2	4 18 
 688	24	2	17 7 
 689	24	2	19 5 
 690	24	2	5 19 
 691	26	2	8 18 
 692	22	2	5 17 
 693	22	2	16 6 
 694	24	2	17 7 
 695	26	2	15 11 
 696	22	2	6 16 
 697	24	2	7 17 
 698	26	2	11 15 
 699	20	3	4 10 6 
 700	26	2	10 16 
 701	22	2	15 7 
 702	18	2	3 15 
 703	26	2	20 6 
 704	24	2	21 3 
 705	24	2	10 14 
 706	22	2	16 6 
 707	20	2	5 15 
 708	24	2	19 5 
 709	22	2	6 16 
 710	26	2	14 12 
 711	26	2	19 7 
 712	24	2	9 15 
 713	24	2	15 9 
 714	24	2	9 15 
 715	22	2	13 9 
 716	24	2	13 11 
 717	20	2	9 11 
 718	20	2	10 10 
 719	24	2	14 10 
 720	22	2	13 9 
 721	24	2	8 16 
 722	22	2	13 9 
 723	16	2	14 2 
 724	24	2	3 21 
 725	30	2	5 25 
 726	18	2	5 13 
 727	20	2	5 15 
 728	26	2	13 13 
 729	28	2	10 18 
 730	24	2	17 7 
 731	24	2	8 16 
 732	24	2	9 15 
 733	26	2	11 15 
 734	24	2	11 13 
 735	22	2	1 21 
 736	24	2	10 14 
 737	20	2	4 16 
 738	22	2	15 7 
 739	20	2	10 10 
 740	20	2	10 10 
 741	20	2	10 10 
 742	26	2	17 9 
 743	20	2	10 10 
 744	26	2	2 24 
 745	26	2	25 1 
 746	22	2	7 15 
 747	18	2	3 15 
 748	28	2	15 13 
 749	22	2	5 17 
 750	22	2	16 6 
 751	28	2	16 12 
 752	18	2	11 7 
 753	22	2	7 15 
 754	22	2	6 16 
 755	22	2	9 13 
 756	20	2	12 8 
 757	24	2	11 13 
 758	28	2	13 15 
 759	22	2	15 7 
 760	26	2	20 6 
 761	24	2	11 13 
 762	24	2	9 15 
 763	20	2	17 3 
 764	28	2	13 15 
 765	24	2	12 12 
 766	22	2	13 9 
 767	22	2	1 21 
 768	24	2	22 2 
 769	28	2	22 6 
 770	22	2	5 17 
 771	24	2	9 15 
 772	26	2	4 22 
 773	22	2	15 7 
 774	24	2	12 12 
 775	26	2	13 13 
 776	22	2	19 3 
 777	24	2	12 12 
 778	28	2	7 21 
 779	24	2	12 12 
 780	22	2	14 8 
 781	22	2	11 11 
 782	22	2	16 6 
 783	26	2	9 17 
 784	26	2	19 7 
 785	18	2	9 9 
 786	22	2	18 4 
 787	26	2	6 20 
 788	24	2	15 9 
 789	20	3	1 18 1 
 790	22	3	1 20 1 
 791	22	2	17 5 
 792	24	2	11 13 
 793	26	2	17 9 
 794	22	2	11 11 
 795	28	2	19 9 
 796	20	2	5 15 
 797	26	2	12 14 
 798	24	2	15 9 
 799	24	2	12 12 
 800	22	3	2 11 9 
 801	24	2	13 11 
 802	22	2	11 11 
 803	18	2	14 4 
 804	26	2	5 21 
 805	24	2	21 3 
 806	26	3	3 0 23 
 807	24	2	10 14 
 808	26	2	3 23 
 809	28	2	18 10 
 810	22	2	5 17 
 811	18	2	9 9 
 812	26	2	6 20 
 813	22	2	15 7 
 814	28	2	12 16 
 815	22	2	15 7 
 816	22	2	18 4 
 817	24	2	18 6 
 818	22	2	6 16 
 819	26	2	19 7 
 820	26	2	10 16 
 821	22	2	9 13 
 822	22	2	4 18 
 823	20	2	10 10 
 824	20	2	12 8 
 825	26	2	19 7 
 826	18	2	7 11 
 827	20	2	10 10 
 828	22	2	8 14 
 829	24	2	13 11 
 830	28	2	7 21 
 831	24	2	5 19 
 832	22	2	18 4 
 833	22	2	17 5 
 834	18	2	10 8 
 835	26	2	12 14 
 836	24	2	10 14 
 837	24	2	13 11 
 838	22	2	10 12 
 839	18	2	17 1 
 840	20	2	6 14 
 841	22	2	13 9 
 842	24	2	12 12 
 843	26	2	16 10 
 844	20	2	13 7 
 845	24	2	22 2 
 846	22	2	9 13 
 847	24	2	11 13 
 848	24	2	19 5 
 849	26	2	15 11 
 850	28	2	18 10 
 851	22	2	7 15 
 852	26	2	26 0 
 853	26	2	9 17 
 854	24	2	11 13 
 855	26	2	0 26 
 856	28	2	11 17 
 857	22	2	20 2 
 858	24	2	12 12 
 859	28	2	9 19 
 860	22	2	19 3 
 861	22	2	17 5 
 862	26	2	5 21 
 863	26	2	5 21 
 864	26	2	14 12 
 865	26	2	22 4 
 866	22	2	11 11 
 867	26	2	25 1 
 868	28	3	3 3 22 
 869	26	3	0 1 25 
 870	20	2	18 2 
 871	26	2	8 18 
 872	26	2	9 17 
 873	28	2	7 21 
 874	20	2	11 9 
 875	20	2	20 0 
 876	24	3	3 18 3 
 877	24	2	16 8 
 878	18	2	17 1 
 879	18	2	3 15 
 880	24	2	17 7 
 881	22	2	15 7 
 882	26	2	6 20 
 883	26	2	20 6 
 884	20	2	10 10 
 885	20	2	10 10 
 886	26	2	20 6 
 887	20	2	17 3 
 888	26	2	7 19 
 889	26	2	11 15 
 890	22	2	11 11 
 891	20	2	11 9 
 892	26	2	5 21 
 893	24	2	7 17 
 894	18	3	1 4 13 
 895	24	2	7 17 
 896	26	2	15 11 
 897	18	2	12 6 
 898	20	2	12 8 
 899	24	2	16 8 
 900	22	2	19 3 
 901	26	2	18 8 
 902	28	2	8 20 
 903	28	2	8 20 
 904	28	2	6 22 
 905	22	2	10 12 
 906	22	2	9 13 
 907	24	2	8 16 
 908	22	2	9 13 
 909	28	2	18 10 
 910	24	2	20 4 
 911	22	2	14 8 
 912	22	2	5 17 
 913	22	2	22 0 
 914	22	2	18 4 
 915	24	2	10 14 
 916	24	2	13 11 
 917	24	2	15 9 
 918	22	2	6 16 
 919	20	2	8 12 
 920	26	2	21 5 
 921	26	2	14 12 
 922	30	3	3 26 1 
 923	24	2	10 14 
 924	24	2	19 5 
 925	26	2	10 16 
 926	26	3	23 1 2 
 927	22	2	8 14 
 928	24	2	8 16 
 929	24	2	15 9 
 930	20	2	10 10 
 931	22	2	11 11 
 932	20	2	10 10 
 933	26	2	8 18 
 934	28	2	18 10 
 935	20	2	4 16 
 936	22	2	13 9 
 937	22	2	17 5 
 938	26	2	8 18 
 939	22	2	13 9 
 940	20	2	10 10 
 941	22	2	15 7 
 942	22	2	22 0 
 943	26	2	1 25 
 944	26	2	1 25 
 945	24	2	14 10 
 946	24	2	11 13 
 947	22	3	14 2 6 
 948	26	2	16 10 
 949	26	2	23 3 
 950	26	2	3 23 
 951	18	2	14 4 
 952	26	3	8 16 2 
 953	26	2	22 4 
 954	18	2	12 6 
 955	22	2	2 20 
 956	26	2	17 9 
 957	24	2	13 11 
 958	24	2	16 8 
 959	26	2	21 5 
 960	28	2	12 16 
 961	22	2	16 6 
 962	18	2	1 17 
 963	18	2	11 7 
 964	20	2	10 10 
 965	16	2	8 8 
 966	18	2	12 6 
 967	26	2	10 16 
 968	26	2	12 14 
 969	24	2	14 10 
 970	24	2	12 12 
 971	20	2	9 11 
 972	26	2	12 14 
 973	20	2	16 4 
 974	24	3	0 23 1 
 975	30	2	18 12 
 976	20	2	10 10 
 977	22	2	6 16 
 978	20	2	4 16 
 979	22	2	15 7 
 980	20	2	5 15 
 981	24	2	11 13 
 982	22	2	9 13 
 983	22	2	8 14 
 984	22	2	13 9 
 985	24	2	12 12 
 986	20	2	13 7 
 987	26	2	19 7 
 988	22	2	5 17 
 989	24	3	3 21 0 
 990	26	2	17 9 
 991	22	2	12 10 
 992	26	2	13 13 
 993	26	2	13 13 
 994	22	2	13 9 
 995	22	2	4 18 
 996	24	2	22 2 
 997	20	2	10 10 
 998	20	2	4 16 
 999	24	2	9 15 
 1000	22	2	13 9 
 1001	22	2	12 10 
 1002	20	2	11 9 
 1003	28	2	8 20 
 1004	22	2	9 13 
 1005	18	2	11 7 
 1006	24	2	16 8 
 1007	26	2	15 11 
 1008	26	2	16 10 
 1009	26	2	26 0 
 1010	24	2	10 14 
 1011	20	2	10 10 
 1012	22	2	6 16 
 1013	26	2	8 18 
 1014	22	2	4 18 
 1015	18	2	1 17 
 1016	30	2	23 7 
 1017	22	2	6 16 
 1018	18	2	13 5 
 1019	24	2	10 14 
 1020	24	2	14 10 
 1021	26	2	24 2 
 1022	22	2	11 11 
 1023	22	2	15 7 
 1024	22	2	10 12 
 1025	26	2	12 14 
 1026	24	2	15 9 
 1027	22	2	12 10 
 1028	20	2	10 10 
 1029	28	2	20 8 
 1030	26	2	11 15 
 1031	18	2	9 9 
 1032	18	2	11 7 
 1033	24	2	4 20 
 1034	24	2	14 10 
 1035	26	2	10 16 
 1036	28	2	11 17 
 1037	24	2	5 19 
 1038	24	2	13 11 
 1039	28	2	14 14 
 1040	28	2	18 10 
 1041	24	2	15 9 
 1042	24	2	15 9 
 1043	22	2	13 9 
 1044	20	2	10 10 
 1045	22	2	16 6 
 1046	20	2	6 14 
 1047	22	2	16 6 
 1048	20	2	12 8 
 1049	26	2	8 18 
 1050	22	2	18 4 
 1051	24	2	12 12 
 1052	24	2	5 19 
 1053	20	2	13 7 
 1054	26	2	20 6 
 1055	22	2	14 8 
 1056	28	2	14 14 
 1057	24	2	16 8 
 1058	30	2	14 16 
 1059	26	2	18 8 
 1060	28	2	15 13 
 1061	18	2	8 10 
 1062	24	2	11 13 
 1063	26	3	2 1 23 
 1064	26	2	11 15 
 1065	20	2	8 12 
 1066	22	2	12 10 
 1067	20	2	6 14 
 1068	20	2	13 7 
 1069	22	2	8 14 
 1070	24	2	16 8 
 1071	20	2	1 19 
 1072	28	2	15 13 
 1073	26	2	15 11 
 1074	20	2	11 9 
 1075	22	2	10 12 
 1076	22	2	22 0 
 1077	22	2	14 8 
 1078	24	2	19 5 
 1079	28	2	12 16 
 1080	24	2	14 10 
 1081	22	2	14 8 
 1082	20	2	10 10 
 1083	28	2	22 6 
 1084	24	2	11 13 
 1085	24	2	13 11 
 1086	24	2	13 11 
 1087	20	2	12 8 
 1088	20	2	12 8 
 1089	24	2	4 20 
 1090	20	2	12 8 
 1091	26	2	17 9 
 1092	22	2	7 15 
 1093	24	2	6 18 
 1094	26	2	1 25 
 1095	22	2	13 9 
 1096	24	2	8 16 
 1097	22	2	11 11 
 1098	28	2	11 17 
 1099	26	2	12 14 
 1100	28	2	5 23 
 1101	24	3	19 0 5 
 1102	26	2	12 14 
 1103	24	3	5 2 17 
 1104	24	2	16 8 
 1105	22	2	16 6 
 1106	24	2	10 14 
 1107	22	2	19 3 
 1108	22	2	22 0 
 1109	26	2	12 14 
 1110	24	2	14 10 
 1111	22	2	7 15 
 1112	20	2	9 11 
 1113	24	2	24 0 
 1114	22	2	9 13 
 1115	24	2	14 10 
 1116	22	2	13 9 
 1117	22	2	12 10 
 1118	24	2	10 14 
 1119	26	2	22 4 
 1120	22	2	3 19 
 1121	22	2	8 14 
 1122	22	2	9 13 
 1123	24	2	17 7 
 1124	20	3	3 3 14 
 1125	24	2	14 10 
 1126	20	2	5 15 
 1127	20	2	8 12 
 1128	28	2	19 9 
 1129	28	2	8 20 
 1130	24	2	7 17 
 1131	24	2	10 14 
 1132	24	2	16 8 
 1133	24	3	2 6 16 
 1134	24	2	15 9 
 1135	22	2	5 17 
 1136	26	2	11 15 
 1137	24	2	12 12 
 1138	24	2	13 11 
 1139	20	2	15 5 
 1140	24	3	12 10 2 
 1141	22	2	9 13 
 1142	24	2	22 2 
 1143	26	2	0 26 
 1144	26	2	14 12 
 1145	20	2	6 14 
 1146	20	2	13 7 
 1147	18	2	11 7 
 1148	22	2	4 18 
 1149	24	2	18 6 
 1150	24	2	2 22 
 1151	24	2	7 17 
 1152	24	2	13 11 
 1153	22	2	11 11 
 1154	24	2	9 15 
 1155	18	2	5 13 
 1156	28	2	16 12 
 1157	26	2	10 16 
 1158	24	2	13 11 
 1159	20	2	12 8 
 1160	24	2	13 11 
 1161	28	2	13 15 
 1162	28	2	4 24 
 1163	24	2	14 10 
 1164	22	2	11 11 
 1165	20	2	14 6 
 1166	22	2	6 16 
 1167	26	2	12 14 
 1168	22	2	9 13 
 1169	22	2	10 12 
 1170	24	2	11 13 
 1171	24	2	18 6 
 1172	20	2	5 15 
 1173	24	2	5 19 
 1174	26	2	15 11 
 1175	20	2	16 4 
 1176	26	2	10 16 
 1177	28	2	11 17 
 1178	24	2	15 9 
 1179	22	2	4 18 
 1180	20	2	10 10 
 1181	24	2	12 12 
 1182	22	2	10 12 
 1183	20	2	10 10 
 1184	24	2	10 14 
 1185	22	2	12 10 
 1186	24	2	12 12 
 1187	22	2	10 12 
 1188	20	2	11 9 
 1189	28	2	10 18 
 1190	26	2	21 5 
 1191	18	2	13 5 
 1192	24	2	16 8 
 1193	24	2	15 9 
 1194	26	2	10 16 
 1195	30	2	24 6 
 1196	24	2	7 17 
 1197	28	2	20 8 
 1198	22	2	10 12 
 1199	28	2	19 9 
 1200	24	2	2 22 
 1201	22	2	5 17 
 1202	22	2	11 11 
 1203	18	2	8 10 
 1204	22	2	20 2 
 1205	24	2	2 22 
 1206	22	3	13 3 6 
 1207	20	2	5 15 
 1208	26	2	14 12 
 1209	28	2	16 12 
 1210	26	2	24 2 
 1211	28	2	10 18 
 1212	22	2	12 10 
 1213	22	2	14 8 
 1214	24	2	9 15 
 1215	26	2	17 9 
 1216	18	2	11 7 
 1217	18	2	11 7 
 1218	20	2	13 7 
 1219	20	2	18 2 
 1220	22	2	18 4 
 1221	26	2	11 15 
 1222	18	2	11 7 
 1223	24	2	15 9 
 1224	22	3	4 2 16 
 1225	20	2	16 4 
 1226	22	2	14 8 
 1227	26	2	6 20 
 1228	28	2	15 13 
 1229	26	2	6 20 
 1230	20	2	15 5 
 1231	22	3	2 2 18 
 1232	16	2	8 8 
 1233	26	2	9 17 
 1234	28	2	12 16 
 1235	24	2	12 12 
 1236	22	2	5 17 
 1237	20	2	16 4 
 1238	20	2	20 0 
 1239	26	2	23 3 
 1240	24	3	1 4 19 
 1241	22	2	12 10 
 1242	22	2	11 11 
 1243	22	2	11 11 
 1244	24	2	15 9 
 1245	24	2	11 13 
 1246	20	2	13 7 
 1247	20	2	11 9 
 1248	24	2	8 16 
 1249	28	2	20 8 
 1250	22	2	9 13 
 1251	20	2	12 8 
 1252	28	2	21 7 
 1253	26	2	22 4 
 1254	24	2	22 2 
 1255	24	2	19 5 
 1256	26	2	11 15 
 1257	22	2	16 6 
 1258	22	2	13 9 
 1259	22	2	5 17 
 1260	26	2	12 14 
 1261	26	2	12 14 
 1262	26	2	7 19 
 1263	26	2	15 11 
 1264	26	2	8 18 
 1265	22	2	16 6 
 1266	20	2	6 14 
 1267	24	2	21 3 
 1268	26	2	13 13 
 1269	24	2	7 17 
 1270	22	2	13 9 
 1271	20	2	12 8 
 1272	28	2	6 22 
 1273	22	3	1 2 19 
 1274	26	2	19 7 
 1275	24	2	21 3 
 1276	24	2	9 15 
 1277	20	2	9 11 
 1278	20	2	9 11 
 1279	28	2	10 18 
 1280	24	2	18 6 
 1281	22	2	17 5 
 1282	26	2	20 6 
 1283	22	2	7 15 
 1284	22	2	16 6 
 1285	24	2	4 20 
 1286	24	2	20 4 
 1287	22	2	10 12 
 1288	22	2	19 3 
 1289	22	2	5 17 
 1290	26	2	10 16 
 1291	26	2	10 16 
 1292	24	2	13 11 
 1293	26	2	9 17 
 1294	22	2	2 20 
 1295	24	2	12 12 
 1296	20	2	7 13 
 1297	28	2	13 15 
 1298	22	2	3 19 
 1299	24	2	17 7 
 1300	28	2	8 20 
 1301	26	3	2 21 3 
 1302	28	2	16 12 
 1303	28	2	23 5 
 1304	26	2	13 13 
 1305	20	2	12 8 
 1306	24	2	9 15 
 1307	24	2	15 9 
 1308	24	2	9 15 
 1309	22	2	8 14 
 1310	22	2	12 10 
 1311	20	2	14 6 
 1312	24	2	17 7 
 1313	28	2	1 27 
 1314	26	2	20 6 
 1315	26	2	17 9 
 1316	24	2	13 11 
 1317	18	2	0 18 
 1318	22	2	15 7 
 1319	20	2	14 6 
 1320	22	2	13 9 
 1321	28	2	8 20 
 1322	28	2	13 15 
 1323	22	2	11 11 
 1324	26	2	15 11 
 1325	20	2	8 12 
 1326	24	2	10 14 
 1327	26	2	14 12 
 1328	20	2	14 6 
 1329	26	2	16 10 
 1330	26	2	21 5 
 1331	22	2	10 12 
 1332	20	2	14 6 
 1333	20	2	8 12 
 1334	24	2	13 11 
 1335	24	3	4 16 4 
 1336	26	3	3 23 0 
 1337	26	3	3 23 0 
 1338	22	2	9 13 
 1339	24	2	17 7 
 1340	24	3	16 2 6 
 1341	22	2	9 13 
 1342	20	2	11 9 
 1343	22	2	14 8 
 1344	22	2	8 14 
 1345	22	2	12 10 
 1346	26	2	13 13 
 1347	26	2	19 7 
 1348	20	2	16 4 
 1349	20	3	0 4 16 
 1350	24	3	2 18 4 
 1351	26	2	11 15 
 1352	24	2	10 14 
 1353	20	2	13 7 
 1354	22	2	16 6 
 1355	22	2	9 13 
 1356	24	2	16 8 
 1357	22	2	8 14 
 1358	22	2	16 6 
 1359	24	2	10 14 
 1360	20	2	4 16 
 1361	20	2	10 10 
 1362	24	2	12 12 
 1363	20	2	16 4 
 1364	26	2	14 12 
 1365	26	2	12 14 
 1366	24	2	11 13 
 1367	24	2	12 12 
 1368	18	2	4 14 
 1369	24	2	13 11 
 1370	28	2	17 11 
 1371	24	2	10 14 
 1372	24	2	7 17 
 1373	20	3	1 17 2 
 1374	24	2	9 15 
 1375	20	2	10 10 
 1376	22	2	13 9 
 1377	26	2	7 19 
 1378	24	2	12 12 
 1379	18	2	14 4 
 1380	22	2	5 17 
 1381	20	2	10 10 
 1382	22	2	12 10 
 1383	18	2	6 12 
 1384	22	2	13 9 
 1385	20	2	4 16 
 1386	26	2	9 17 
 1387	22	2	7 15 
 1388	22	2	2 20 
 1389	18	2	3 15 
 1390	26	2	13 13 
 1391	24	2	3 21 
 1392	24	2	12 12 
 1393	26	2	20 6 
 1394	28	2	15 13 
 1395	26	2	20 6 
 1396	26	2	16 10 
 1397	24	2	14 10 
 1398	26	2	21 5 
 1399	22	2	11 11 
 1400	26	2	14 12 
 1401	24	2	4 20 
 1402	24	2	17 7 
 1403	20	2	5 15 
 1404	20	2	11 9 
 1405	22	2	11 11 
 1406	22	2	16 6 
 1407	20	2	2 18 
 1408	26	2	4 22 
 1409	24	2	3 21 
 1410	26	2	7 19 
 1411	24	2	22 2 
 1412	24	2	2 22 
 1413	24	2	21 3 
 1414	20	2	13 7 
 1415	22	2	17 5 
 1416	20	2	9 11 
 1417	24	2	13 11 
 1418	20	2	13 7 
 1419	22	3	11 2 9 
 1420	22	2	9 13 
 1421	22	2	15 7 
 1422	24	2	16 8 
 1423	22	2	18 4 
 1424	26	3	0 0 26 
 1425	24	2	16 8 
 1426	22	2	6 16 
 1427	22	2	12 10 
 1428	18	2	12 6 
 1429	26	2	20 6 

[pop]=2
 1	26	2	10 16 
 2	24	2	15 9 
 3	30	2	24 6 
 4	28	2	17 11 
 5	24	3	3 18 3 
 6	30	2	12 18 
 7	26	2	13 13 
 8	24	2	16 8 
 9	28	2	15 13 
 10	22	2	5 17 
 11	26	2	11 15 
 12	26	2	11 15 
 13	30	2	10 20 
 14	28	2	16 12 
 15	26	2	16 10 
 16	28	2	9 19 
 17	28	3	0 16 12 
 18	28	2	16 12 
 19	26	2	11 15 
 20	26	2	22 4 
 21	28	2	12 16 
 22	26	2	16 10 
 23	28	2	11 17 
 24	28	2	14 14 
 25	28	2	14 14 
 26	30	2	10 20 
 27	28	2	15 13 
 28	28	2	15 13 
 29	26	3	2 3 21 
 30	28	2	15 13 
 31	24	2	7 17 
 32	30	2	28 2 
 33	30	2	21 9 
 34	30	2	9 21 
 35	26	4	6 0 20 0 
 36	26	2	8 18 
 37	26	2	16 10 
 38	26	2	21 5 
 39	24	2	9 15 
 40	28	2	22 6 
 41	26	2	21 5 
 42	28	2	22 6 
 43	22	2	11 11 
 44	24	2	20 4 
 45	30	2	19 11 
 46	26	2	14 12 
 47	26	2	20 6 
 48	22	2	15 7 
 49	22	2	13 9 
 50	26	2	11 15 
 51	26	2	9 17 
 52	28	2	4 24 
 53	22	2	7 15 
 54	28	2	11 17 
 55	28	2	17 11 
 56	24	2	16 8 
 57	24	2	15 9 
 58	30	3	6 22 2 
 59	28	2	7 21 
 60	24	2	11 13 
 61	28	2	21 7 
 62	26	2	8 18 
 63	24	2	10 14 
 64	30	2	15 15 
 65	28	2	14 14 
 66	28	2	14 14 
 67	24	2	12 12 
 68	26	2	15 11 
 69	26	2	7 19 
 70	26	2	22 4 
 71	28	2	23 5 
 72	24	2	13 11 
 73	26	2	24 2 
 74	26	2	24 2 
 75	28	2	26 2 
 76	26	2	11 15 
 77	26	2	21 5 
 78	26	2	13 13 
 79	24	2	16 8 
 80	24	2	8 16 
 81	22	2	9 13 
 82	28	2	22 6 
 83	26	2	15 11 
 84	28	2	16 12 
 85	26	2	15 11 
 86	26	2	18 8 
 87	24	2	7 17 
 88	22	2	20 2 
 89	22	2	10 12 
 90	28	2	9 19 
 91	28	2	19 9 
 92	28	2	2 26 
 93	24	2	14 10 
 94	24	2	17 7 
 95	24	2	13 11 
 96	26	2	18 8 
 97	24	2	10 14 
 98	26	2	9 17 
 99	26	2	9 17 
 100	26	2	15 11 
 101	24	2	12 12 
 102	26	2	10 16 
 103	28	2	21 7 
 104	28	2	20 8 
 105	24	2	8 16 
 106	30	2	5 25 
 107	28	2	16 12 
 108	22	2	13 9 
 109	22	3	5 17 0 
 110	22	3	5 17 0 
 111	22	3	2 1 19 
 112	22	2	9 13 
 113	24	2	16 8 
 114	26	2	5 21 
 115	22	2	11 11 
 116	30	2	17 13 
 117	26	2	13 13 
 118	24	2	18 6 
 119	22	2	6 16 
 120	24	2	11 13 
 121	28	3	2 9 17 
 122	30	2	27 3 
 123	28	2	26 2 
 124	28	3	7 19 2 
 125	28	2	15 13 
 126	26	2	11 15 
 127	28	2	10 18 
 128	28	2	24 4 
 129	30	2	3 27 
 130	24	3	2 3 19 
 131	26	2	8 18 
 132	26	2	13 13 
 133	30	2	10 20 
 134	26	2	12 14 
 135	30	2	18 12 
 136	26	2	12 14 
 137	28	2	12 16 
 138	28	2	21 7 
 139	28	2	20 8 
 140	24	2	6 18 
 141	22	2	15 7 
 142	30	2	14 16 
 143	28	2	20 8 
 144	28	2	10 18 
 145	28	2	22 6 
 146	30	2	11 19 
 147	26	2	6 20 
 148	30	2	21 9 
 149	28	2	12 16 
 150	28	2	4 24 
 151	30	2	14 16 
 152	22	2	9 13 
 153	24	2	15 9 
 154	22	2	1 21 
 155	28	2	19 9 
 156	26	2	5 21 
 157	26	2	5 21 
 158	28	2	14 14 
 159	28	2	1 27 
 160	28	2	20 8 
 161	28	2	26 2 
 162	24	2	8 16 
 163	26	2	13 13 
 164	24	2	21 3 
 165	24	2	16 8 
 166	28	2	18 10 
 167	24	2	18 6 
 168	28	2	21 7 
 169	26	2	15 11 
 170	24	2	9 15 
 171	22	2	6 16 
 172	26	2	13 13 
 173	22	2	17 5 
 174	28	2	12 16 
 175	20	2	7 13 
 176	24	2	6 18 
 177	30	2	19 11 
 178	22	2	15 7 
 179	28	2	15 13 
 180	22	2	12 10 
 181	24	2	19 5 
 182	24	2	17 7 
 183	26	2	15 11 
 184	28	2	14 14 
 185	26	2	22 4 
 186	22	2	11 11 
 187	26	2	20 6 
 188	28	3	5 21 2 
 189	26	2	7 19 
 190	28	2	7 21 
 191	30	2	3 27 
 192	24	2	11 13 
 193	28	2	5 23 
 194	28	2	7 21 
 195	22	3	0 20 2 
 196	24	2	5 19 
 197	30	2	8 22 
 198	24	2	13 11 
 199	28	2	13 15 
 200	22	2	14 8 
 201	28	2	7 21 
 202	22	2	11 11 
 203	28	2	13 15 
 204	22	2	12 10 
 205	26	2	16 10 
 206	24	2	8 16 
 207	28	2	13 15 
 208	24	2	13 11 
 209	26	2	5 21 
 210	24	2	10 14 
 211	24	2	15 9 
 212	24	2	12 12 
 213	22	2	9 13 
 214	26	2	12 14 
 215	22	2	2 20 
 216	26	2	15 11 
 217	24	2	15 9 
 218	28	2	1 27 
 219	28	2	13 15 
 220	28	2	10 18 
 221	30	2	20 10 
 222	26	2	11 15 
 223	28	2	12 16 
 224	28	2	4 24 
 225	28	2	9 19 
 226	26	2	9 17 
 227	22	2	4 18 
 228	30	2	12 18 
 229	22	2	2 20 
 230	26	2	15 11 
 231	26	2	20 6 
 232	28	3	6 20 2 
 233	28	3	6 21 1 
 234	28	2	7 21 
 235	28	2	11 17 
 236	24	2	18 6 
 237	28	2	14 14 
 238	26	2	22 4 
 239	30	2	10 20 
 240	30	2	10 20 
 241	30	2	20 10 
 242	28	2	13 15 
 243	28	2	19 9 
 244	30	2	25 5 
 245	30	2	28 2 
 246	26	2	6 20 
 247	28	2	10 18 
 248	26	2	14 12 
 249	20	2	10 10 
 250	30	2	20 10 
 251	26	2	24 2 
 252	24	2	17 7 
 253	24	2	13 11 
 254	24	2	6 18 
 255	26	2	11 15 
 256	30	2	20 10 
 257	30	2	10 20 
 258	24	2	15 9 
 259	28	2	27 1 
 260	24	2	1 23 
 261	26	2	13 13 
 262	22	2	15 7 
 263	26	2	5 21 
 264	22	2	12 10 
 265	22	2	13 9 
 266	28	3	18 8 2 
 267	28	2	17 11 
 268	26	2	11 15 
 269	28	2	23 5 
 270	26	2	12 14 
 271	26	2	12 14 
 272	24	2	9 15 
 273	26	2	13 13 
 274	26	2	10 16 
 275	28	2	16 12 
 276	30	2	14 16 
 277	26	2	4 22 
 278	30	2	14 16 
 279	26	2	6 20 
 280	26	2	5 21 
 281	26	2	15 11 
 282	24	2	11 13 
 283	26	2	17 9 
 284	26	2	22 4 
 285	30	2	16 14 
 286	22	2	7 15 
 287	28	2	18 10 
 288	22	2	17 5 
 289	22	3	6 15 1 
 290	28	2	18 10 
 291	28	2	26 2 
 292	24	2	9 15 
 293	22	2	17 5 
 294	24	2	11 13 
 295	24	3	3 2 19 
 296	30	2	22 8 
 297	30	2	16 14 
 298	30	2	6 24 
 299	26	2	10 16 
 300	26	2	14 12 
 301	24	2	12 12 
 302	26	2	16 10 
 303	28	2	17 11 
 304	24	2	11 13 
 305	28	2	10 18 
 306	22	2	12 10 
 307	20	2	10 10 
 308	30	2	13 17 
 309	26	2	9 17 
 310	26	2	10 16 
 311	24	2	4 20 
 312	26	2	8 18 
 313	28	2	14 14 
 314	30	2	6 24 
 315	30	2	26 4 
 316	30	2	21 9 
 317	24	2	11 13 
 318	24	2	10 14 
 319	22	2	11 11 
 320	26	2	2 24 
 321	28	2	13 15 
 322	28	2	15 13 
 323	28	2	12 16 
 324	26	2	17 9 
 325	26	2	13 13 
 326	26	2	13 13 
 327	24	2	15 9 
 328	22	2	8 14 
 329	28	2	5 23 
 330	28	2	5 23 
 331	24	2	19 5 
 332	24	2	18 6 
 333	26	2	4 22 
 334	28	2	20 8 
 335	22	2	21 1 
 336	24	2	11 13 
 337	28	2	18 10 
 338	26	2	21 5 
 339	24	3	15 9 0 
 340	26	2	4 22 
 341	26	2	7 19 
 342	28	2	0 28 
 343	28	2	8 20 
 344	28	2	15 13 
 345	26	2	17 9 
 346	24	2	5 19 
 347	26	2	10 16 
 348	26	2	21 5 
 349	28	2	7 21 
 350	28	2	22 6 
 351	28	2	11 17 
 352	28	2	11 17 
 353	28	2	10 18 
 354	20	3	3 12 5 
 355	28	2	13 15 
 356	28	2	12 16 
 357	24	2	13 11 
 358	28	2	6 22 
 359	30	3	24 2 4 
 360	28	2	26 2 
 361	24	2	5 19 
 362	26	2	19 7 
 363	28	2	9 19 
 364	26	2	19 7 
 365	30	3	0 23 7 
 366	30	3	6 4 20 
 367	24	2	6 18 
 368	30	2	18 12 
 369	28	2	20 8 
 370	26	2	11 15 
 371	26	2	16 10 
 372	28	2	17 11 
 373	28	2	2 26 
 374	28	2	19 9 
 375	28	2	7 21 
 376	26	2	16 10 
 377	24	2	15 9 
 378	26	2	14 12 
 379	30	2	12 18 
 380	26	2	16 10 
 381	26	2	16 10 
 382	28	3	0 26 2 
 383	22	2	11 11 
 384	24	2	11 13 
 385	26	2	10 16 
 386	26	2	12 14 
 387	26	2	9 17 
 388	22	2	13 9 
 389	30	2	8 22 
 390	28	2	10 18 
 391	22	2	2 20 
 392	24	2	16 8 
 393	26	2	10 16 
 394	28	2	10 18 
 395	26	2	10 16 
 396	24	3	20 2 2 
 397	28	2	17 11 
 398	26	2	12 14 
 399	28	2	9 19 
 400	24	2	17 7 
 401	26	2	16 10 
 402	28	2	16 12 
 403	26	2	14 12 
 404	30	2	16 14 
 405	28	2	15 13 
 406	24	2	17 7 
 407	28	2	13 15 
 408	30	2	13 17 
 409	26	2	14 12 
 410	26	2	7 19 
 411	24	2	19 5 
 412	26	2	12 14 
 413	30	3	4 24 2 
 414	30	2	9 21 
 415	26	2	15 11 
 416	28	2	21 7 
 417	28	2	17 11 
 418	26	2	19 7 
 419	24	2	20 4 
 420	26	2	8 18 
 421	28	2	18 10 
 422	24	2	15 9 
 423	26	2	21 5 
 424	26	2	14 12 
 425	24	2	11 13 
 426	26	2	14 12 
 427	30	2	16 14 
 428	26	2	12 14 
 429	28	2	3 25 
 430	28	2	20 8 
 431	30	2	21 9 
 432	28	2	19 9 
 433	24	2	13 11 
 434	30	2	9 21 
 435	26	2	14 12 
 436	24	2	18 6 
 437	30	2	10 20 
 438	28	2	16 12 
 439	22	2	12 10 
 440	22	2	10 12 
 441	22	2	11 11 
 442	24	2	9 15 
 443	30	2	20 10 
 444	26	2	7 19 
 445	24	2	7 17 
 446	22	2	14 8 
 447	30	2	8 22 
 448	26	2	15 11 
 449	26	2	11 15 
 450	26	2	21 5 
 451	28	2	3 25 
 452	24	2	14 10 
 453	26	2	9 17 
 454	30	2	21 9 
 455	28	2	13 15 
 456	26	2	9 17 
 457	24	2	8 16 
 458	28	2	12 16 
 459	28	2	20 8 
 460	28	2	2 26 
 461	30	2	3 27 
 462	28	2	26 2 
 463	26	2	22 4 
 464	26	2	14 12 
 465	22	2	3 19 
 466	20	2	14 6 
 467	26	2	20 6 
 468	28	2	3 25 
 469	26	2	3 23 
 470	22	2	17 5 
 471	28	2	17 11 
 472	24	2	9 15 
 473	28	2	23 5 
 474	28	3	2 5 21 
 475	24	2	6 18 
 476	26	2	9 17 
 477	28	2	17 11 
 478	26	2	8 18 
 479	22	2	7 15 
 480	26	2	10 16 
 481	26	2	17 9 
 482	24	2	16 8 
 483	30	2	10 20 
 484	26	2	14 12 
 485	26	2	18 8 
 486	30	3	5 9 16 
 487	26	2	8 18 
 488	26	2	11 15 
 489	28	2	0 28 
 490	26	2	15 11 
 491	26	2	26 0 
 492	28	2	15 13 
 493	22	2	11 11 
 494	24	2	12 12 
 495	26	2	12 14 
 496	26	2	14 12 
 497	30	2	25 5 
 498	30	2	11 19 
 499	26	2	17 9 
 500	26	2	18 8 
 501	26	2	17 9 
 502	28	2	20 8 
 503	28	2	13 15 
 504	28	2	14 14 
 505	30	2	15 15 
 506	26	2	9 17 
 507	26	2	8 18 
 508	26	2	9 17 
 509	26	2	8 18 
 510	30	2	14 16 
 511	20	2	10 10 
 512	26	2	6 20 
 513	26	2	2 24 
 514	26	2	13 13 
 515	28	2	19 9 
 516	30	2	14 16 
 517	26	2	22 4 
 518	26	2	6 20 
 519	26	2	11 15 
 520	30	2	12 18 
 521	28	2	26 2 
 522	22	2	9 13 
 523	26	2	18 8 
 524	28	3	5 19 4 
 525	24	2	10 14 
 526	24	2	5 19 
 527	26	3	10 0 16 
 528	26	2	7 19 
 529	28	2	15 13 
 530	28	2	9 19 
 531	24	2	11 13 
 532	30	2	16 14 
 533	24	2	13 11 
 534	28	2	15 13 
 535	26	3	0 22 4 
 536	28	2	24 4 
 537	24	2	1 23 
 538	28	2	19 9 
 539	24	2	17 7 
 540	20	2	14 6 
 541	28	2	9 19 
 542	26	2	15 11 
 543	28	2	10 18 
 544	28	2	15 13 
 545	26	2	10 16 
 546	24	2	11 13 
 547	28	2	5 23 
 548	26	3	1 0 25 
 549	26	2	19 7 
 550	26	2	10 16 
 551	28	2	16 12 
 552	26	2	12 14 
 553	24	2	15 9 
 554	24	2	9 15 
 555	22	2	17 5 
 556	28	3	2 4 22 
 557	30	3	2 24 4 
 558	28	2	18 10 
 559	26	2	16 10 
 560	26	2	13 13 
 561	26	2	22 4 
 562	24	2	1 23 
 563	28	2	16 12 
 564	28	2	1 27 
 565	28	2	12 16 
 566	18	2	8 10 
 567	28	2	14 14 
 568	30	2	13 17 
 569	26	2	13 13 
 570	26	2	15 11 
 571	28	2	16 12 
 572	28	2	10 18 
 573	26	2	20 6 
 574	30	2	8 22 
 575	30	2	22 8 
 576	28	2	12 16 
 577	26	2	11 15 
 578	24	2	6 18 
 579	26	2	14 12 
 580	28	2	7 21 
 581	30	2	17 13 
 582	28	2	20 8 
 583	26	2	16 10 
 584	24	2	9 15 
 585	22	3	6 6 10 
 586	22	2	13 9 
 587	30	2	18 12 
 588	26	2	5 21 
 589	30	2	19 11 
 590	28	2	13 15 
 591	28	2	9 19 
 592	26	2	8 18 
 593	26	2	14 12 
 594	24	2	12 12 
 595	28	2	11 17 
 596	28	2	21 7 
 597	28	2	21 7 
 598	24	2	11 13 
 599	26	2	21 5 
 600	30	2	18 12 
 601	28	2	7 21 
 602	28	2	1 27 
 603	26	2	24 2 
 604	28	2	24 4 
 605	22	2	7 15 
 606	28	2	22 6 
 607	24	2	14 10 
 608	26	2	12 14 
 609	30	3	6 22 2 
 610	28	2	24 4 
 611	28	2	20 8 
 612	30	2	20 10 
 613	28	2	8 20 
 614	24	2	14 10 
 615	30	2	12 18 
 616	26	2	14 12 
 617	28	2	19 9 
 618	22	2	14 8 
 619	22	2	1 21 
 620	26	2	15 11 
 621	24	2	6 18 
 622	26	2	13 13 
 623	28	2	22 6 
 624	22	2	12 10 
 625	24	2	9 15 
 626	22	2	3 19 
 627	26	2	6 20 
 628	26	2	11 15 
 629	20	2	8 12 
 630	24	2	16 8 
 631	22	2	10 12 
 632	26	2	26 0 
 633	26	2	18 8 
 634	30	2	14 16 
 635	26	2	8 18 
 636	26	2	16 10 
 637	26	2	10 16 
 638	26	2	12 14 
 639	30	2	9 21 
 640	30	2	16 14 
 641	24	2	9 15 
 642	30	2	13 17 
 643	30	2	17 13 
 644	28	2	16 12 
 645	28	3	2 26 0 
 646	30	2	21 9 
 647	24	2	6 18 
 648	28	2	5 23 
 649	26	2	21 5 
 650	24	2	5 19 
 651	22	2	12 10 
 652	28	2	19 9 
 653	24	2	13 11 
 654	26	2	21 5 
 655	30	2	14 16 
 656	24	2	10 14 
 657	28	2	2 26 
 658	26	2	7 19 
 659	30	2	13 17 
 660	22	2	10 12 
 661	26	2	9 17 
 662	26	2	8 18 
 663	28	2	19 9 
 664	28	2	18 10 
 665	20	2	20 0 
 666	28	2	18 10 
 667	28	2	21 7 
 668	28	2	7 21 
 669	22	2	6 16 
 670	30	3	5 16 9 
 671	28	2	19 9 
 672	24	2	9 15 
 673	26	2	3 23 
 674	30	2	9 21 
 675	28	2	12 16 
 676	26	2	18 8 
 677	26	2	8 18 
 678	26	2	8 18 
 679	22	2	7 15 
 680	24	2	7 17 
 681	28	2	12 16 
 682	26	2	18 8 
 683	28	2	11 17 
 684	26	2	23 3 
 685	20	2	10 10 
 686	26	2	9 17 
 687	26	2	0 26 
 688	28	2	27 1 
 689	28	2	27 1 
 690	26	2	1 25 
 691	26	2	12 14 
 692	26	2	12 14 
 693	28	2	14 14 
 694	30	2	16 14 
 695	22	2	9 13 
 696	26	2	7 19 
 697	26	2	9 17 
 698	22	2	13 9 
 699	28	3	3 17 8 
 700	28	2	14 14 
 701	28	2	15 13 
 702	28	2	10 18 
 703	28	2	20 8 
 704	26	2	22 4 
 705	28	2	12 16 
 706	28	2	10 18 
 707	26	2	6 20 
 708	22	2	17 5 
 709	28	2	13 15 
 710	24	2	13 11 
 711	30	2	15 15 
 712	26	2	16 10 
 713	26	2	11 15 
 714	24	2	9 15 
 715	24	2	8 16 
 716	28	2	15 13 
 717	28	2	11 17 
 718	26	2	15 11 
 719	24	2	11 13 
 720	24	2	17 7 
 721	26	2	14 12 
 722	24	2	9 15 
 723	30	2	27 3 
 724	30	2	14 16 
 725	30	2	1 29 
 726	28	2	17 11 
 727	26	2	9 17 
 728	22	2	12 10 
 729	22	2	10 12 
 730	26	2	20 6 
 731	26	2	14 12 
 732	26	2	14 12 
 733	24	2	9 15 
 734	28	2	14 14 
 735	24	2	3 21 
 736	26	2	11 15 
 737	28	2	10 18 
 738	26	2	15 11 
 739	26	2	4 22 
 740	26	2	22 4 
 741	26	2	22 4 
 742	22	2	14 8 
 743	26	2	12 14 
 744	24	2	2 22 
 745	22	2	15 7 
 746	24	2	8 16 
 747	28	2	14 14 
 748	26	2	15 11 
 749	26	2	6 20 
 750	28	2	21 7 
 751	28	2	16 12 
 752	30	2	18 12 
 753	28	2	10 18 
 754	24	2	8 16 
 755	28	2	10 18 
 756	30	2	24 6 
 757	22	2	16 6 
 758	26	2	13 13 
 759	26	2	9 17 
 760	28	2	22 6 
 761	26	2	16 10 
 762	26	2	13 13 
 763	28	2	23 5 
 764	30	2	17 13 
 765	24	2	7 17 
 766	24	2	12 12 
 767	26	2	4 22 
 768	28	2	21 7 
 769	22	2	19 3 
 770	26	2	13 13 
 771	26	2	9 17 
 772	26	2	3 23 
 773	26	2	13 13 
 774	24	2	14 10 
 775	26	2	20 6 
 776	28	2	19 9 
 777	26	2	20 6 
 778	22	2	10 12 
 779	26	2	12 14 
 780	24	2	11 13 
 781	30	2	12 18 
 782	26	2	16 10 
 783	30	2	4 26 
 784	30	2	19 11 
 785	26	2	14 12 
 786	22	2	15 7 
 787	28	2	3 25 
 788	24	2	13 11 
 789	28	3	1 26 1 
 790	30	3	1 28 1 
 791	26	2	12 14 
 792	22	2	11 11 
 793	26	2	20 6 
 794	26	2	19 7 
 795	24	2	14 10 
 796	30	2	12 18 
 797	24	2	8 16 
 798	28	2	9 19 
 799	24	2	18 6 
 800	28	3	12 16 0 
 801	24	2	23 1 
 802	30	2	12 18 
 803	30	2	11 19 
 804	24	2	12 12 
 805	28	2	25 3 
 806	26	3	1 4 21 
 807	24	2	15 9 
 808	18	2	0 18 
 809	26	2	17 9 
 810	28	2	15 13 
 811	30	2	12 18 
 812	30	2	9 21 
 813	30	2	19 11 
 814	26	2	12 14 
 815	26	2	19 7 
 816	22	2	12 10 
 817	22	2	17 5 
 818	28	2	8 20 
 819	30	2	19 11 
 820	18	2	5 13 
 821	26	2	10 16 
 822	26	2	2 24 
 823	28	2	10 18 
 824	28	2	14 14 
 825	22	2	10 12 
 826	28	2	14 14 
 827	28	2	12 16 
 828	28	2	12 16 
 829	28	2	7 21 
 830	26	2	11 15 
 831	24	2	9 15 
 832	28	2	19 9 
 833	22	2	15 7 
 834	30	2	15 15 
 835	30	2	16 14 
 836	22	2	3 19 
 837	26	2	14 12 
 838	26	2	11 15 
 839	26	2	14 12 
 840	26	2	9 17 
 841	28	2	15 13 
 842	30	2	15 15 
 843	24	2	12 12 
 844	30	2	23 7 
 845	28	2	23 5 
 846	22	2	4 18 
 847	30	2	8 22 
 848	26	2	22 4 
 849	22	2	9 13 
 850	24	2	15 9 
 851	24	2	10 14 
 852	22	2	19 3 
 853	26	2	7 19 
 854	24	2	7 17 
 855	26	2	1 25 
 856	26	2	7 19 
 857	28	2	26 2 
 858	26	2	20 6 
 859	28	2	13 15 
 860	26	2	15 11 
 861	22	2	16 6 
 862	24	2	10 14 
 863	24	2	10 14 
 864	28	2	18 10 
 865	26	2	25 1 
 866	28	2	9 19 
 867	22	2	22 0 
 868	24	3	1 2 21 
 869	26	3	2 2 22 
 870	24	2	22 2 
 871	24	2	6 18 
 872	24	2	9 15 
 873	24	2	2 22 
 874	30	2	17 13 
 875	28	2	27 1 
 876	24	3	2 22 0 
 877	24	2	22 2 
 878	26	2	25 1 
 879	30	2	13 17 
 880	26	2	14 12 
 881	26	2	17 9 
 882	26	2	14 12 
 883	26	2	12 14 
 884	28	2	19 9 
 885	26	2	21 5 
 886	28	2	18 10 
 887	28	2	23 5 
 888	24	2	6 18 
 889	22	2	10 12 
 890	26	2	9 17 
 891	26	2	17 9 
 892	28	2	4 24 
 893	26	2	9 17 
 894	28	3	2 2 24 
 895	24	2	6 18 
 896	28	2	19 9 
 897	26	2	7 19 
 898	26	2	15 11 
 899	28	2	24 4 
 900	30	2	11 19 
 901	28	2	17 11 
 902	18	2	2 16 
 903	18	2	2 16 
 904	20	2	3 17 
 905	28	2	22 6 
 906	26	2	4 22 
 907	26	2	7 19 
 908	26	2	19 7 
 909	24	2	17 7 
 910	28	2	24 4 
 911	26	2	15 11 
 912	26	2	4 22 
 913	28	2	25 3 
 914	26	2	22 4 
 915	24	2	14 10 
 916	28	2	14 14 
 917	26	2	22 4 
 918	26	2	14 12 
 919	28	2	17 11 
 920	22	2	8 14 
 921	26	2	8 18 
 922	24	3	2 20 2 
 923	26	2	6 20 
 924	28	2	18 10 
 925	26	2	7 19 
 926	24	3	18 4 2 
 927	26	2	5 21 
 928	28	2	13 15 
 929	26	2	11 15 
 930	26	2	14 12 
 931	26	2	18 8 
 932	24	2	13 11 
 933	26	2	10 16 
 934	26	2	20 6 
 935	28	2	10 18 
 936	26	2	17 9 
 937	28	2	8 20 
 938	24	2	7 17 
 939	28	2	18 10 
 940	26	2	17 9 
 941	28	2	16 12 
 942	24	2	22 2 
 943	28	2	7 21 
 944	28	2	7 21 
 945	22	2	15 7 
 946	26	2	7 19 
 947	28	3	21 1 6 
 948	24	2	14 10 
 949	24	2	16 8 
 950	24	2	8 16 
 951	28	2	20 8 
 952	22	3	2 18 2 
 953	22	2	15 7 
 954	28	2	24 4 
 955	24	2	0 24 
 956	26	2	21 5 
 957	26	2	22 4 
 958	30	2	16 14 
 959	28	2	19 9 
 960	28	2	13 15 
 961	26	2	17 9 
 962	28	2	17 11 
 963	30	2	19 11 
 964	28	2	22 6 
 965	30	2	23 7 
 966	30	2	16 14 
 967	24	2	13 11 
 968	28	2	8 20 
 969	28	2	15 13 
 970	26	2	6 20 
 971	28	2	16 12 
 972	28	2	15 13 
 973	28	2	17 11 
 974	30	3	5 23 2 
 975	26	2	14 12 
 976	26	2	9 17 
 977	26	2	10 16 
 978	28	2	13 15 
 979	28	2	17 11 
 980	26	2	8 18 
 981	28	2	5 23 
 982	30	2	12 18 
 983	30	2	9 21 
 984	28	2	13 15 
 985	24	2	6 18 
 986	28	2	18 10 
 987	26	2	16 10 
 988	28	2	8 20 
 989	28	3	2 23 3 
 990	26	2	11 15 
 991	30	2	19 11 
 992	24	2	10 14 
 993	24	2	14 10 
 994	26	2	19 7 
 995	26	2	9 17 
 996	30	2	20 10 
 997	26	2	7 19 
 998	28	2	10 18 
 999	26	2	6 20 
 1000	22	2	12 10 
 1001	30	2	22 8 
 1002	28	2	12 16 
 1003	22	2	8 14 
 1004	28	2	7 21 
 1005	30	2	20 10 
 1006	24	2	13 11 
 1007	22	2	12 10 
 1008	26	2	18 8 
 1009	20	2	18 2 
 1010	26	2	10 16 
 1011	30	2	30 0 
 1012	26	2	15 11 
 1013	26	2	7 19 
 1014	22	2	15 7 
 1015	30	2	2 28 
 1016	24	2	16 8 
 1017	28	2	6 22 
 1018	26	2	18 8 
 1019	28	2	16 12 
 1020	30	2	10 20 
 1021	28	2	23 5 
 1022	26	2	17 9 
 1023	28	2	18 10 
 1024	26	2	13 13 
 1025	22	2	7 15 
 1026	28	2	15 13 
 1027	26	2	12 14 
 1028	26	2	7 19 
 1029	26	2	20 6 
 1030	26	2	12 14 
 1031	30	2	17 13 
 1032	28	2	13 15 
 1033	26	2	5 21 
 1034	26	2	18 8 
 1035	26	2	11 15 
 1036	26	2	11 15 
 1037	28	2	13 15 
 1038	28	2	8 20 
 1039	22	2	7 15 
 1040	24	2	19 5 
 1041	24	2	8 16 
 1042	28	2	21 7 
 1043	28	2	15 13 
 1044	26	2	10 16 
 1045	28	2	15 13 
 1046	28	2	12 16 
 1047	26	2	18 8 
 1048	26	2	11 15 
 1049	24	2	2 22 
 1050	28	2	17 11 
 1051	24	2	19 5 
 1052	28	2	6 22 
 1053	26	2	19 7 
 1054	28	2	15 13 
 1055	28	2	19 9 
 1056	28	2	21 7 
 1057	28	2	20 8 
 1058	22	2	4 18 
 1059	28	2	17 11 
 1060	24	2	8 16 
 1061	28	2	20 8 
 1062	24	2	8 16 
 1063	30	3	4 9 17 
 1064	30	2	4 26 
 1065	28	2	14 14 
 1066	30	2	20 10 
 1067	26	2	16 10 
 1068	30	2	10 20 
 1069	26	2	9 17 
 1070	28	2	20 8 
 1071	26	2	3 23 
 1072	26	2	12 14 
 1073	24	2	15 9 
 1074	26	2	7 19 
 1075	22	2	4 18 
 1076	28	2	25 3 
 1077	26	2	8 18 
 1078	26	2	18 8 
 1079	30	2	8 22 
 1080	22	2	17 5 
 1081	26	2	16 10 
 1082	26	2	9 17 
 1083	24	2	23 1 
 1084	26	2	17 9 
 1085	26	2	11 15 
 1086	30	2	18 12 
 1087	30	2	18 12 
 1088	30	2	19 11 
 1089	24	2	2 22 
 1090	28	2	13 15 
 1091	28	2	16 12 
 1092	26	2	12 14 
 1093	28	2	10 18 
 1094	26	2	3 23 
 1095	26	2	15 11 
 1096	22	2	11 11 
 1097	26	2	11 15 
 1098	24	2	9 15 
 1099	28	2	10 18 
 1100	26	2	9 17 
 1101	22	3	19 2 1 
 1102	24	2	12 12 
 1103	26	3	2 2 22 
 1104	28	2	17 11 
 1105	30	2	21 9 
 1106	22	2	6 16 
 1107	26	2	14 12 
 1108	26	2	21 5 
 1109	28	2	19 9 
 1110	28	2	21 7 
 1111	28	2	11 17 
 1112	28	2	13 15 
 1113	26	2	22 4 
 1114	28	2	11 17 
 1115	26	2	9 17 
 1116	28	2	17 11 
 1117	26	2	4 22 
 1118	28	2	15 13 
 1119	24	2	18 6 
 1120	24	2	2 22 
 1121	28	2	5 23 
 1122	24	2	5 19 
 1123	26	2	18 8 
 1124	26	3	1 6 19 
 1125	24	2	17 7 
 1126	30	2	12 18 
 1127	30	2	16 14 
 1128	30	2	20 10 
 1129	30	2	9 21 
 1130	28	2	5 23 
 1131	26	2	6 20 
 1132	26	2	18 8 
 1133	26	3	0 6 20 
 1134	30	2	9 21 
 1135	28	2	7 21 
 1136	26	2	10 16 
 1137	28	2	18 10 
 1138	28	2	19 9 
 1139	24	2	24 0 
 1140	26	3	11 10 5 
 1141	28	2	23 5 
 1142	24	2	21 3 
 1143	28	2	4 24 
 1144	26	2	13 13 
 1145	28	2	13 15 
 1146	26	2	17 9 
 1147	26	2	20 6 
 1148	24	2	10 14 
 1149	24	2	14 10 
 1150	24	2	1 23 
 1151	28	2	3 25 
 1152	24	2	11 13 
 1153	26	2	18 8 
 1154	24	2	13 11 
 1155	28	2	8 20 
 1156	24	2	16 8 
 1157	26	2	12 14 
 1158	28	2	14 14 
 1159	30	2	7 23 
 1160	26	2	18 8 
 1161	20	2	11 9 
 1162	24	2	4 20 
 1163	24	2	18 6 
 1164	26	2	8 18 
 1165	30	2	21 9 
 1166	30	2	9 21 
 1167	30	2	24 6 
 1168	28	2	9 19 
 1169	24	2	8 16 
 1170	28	2	15 13 
 1171	24	2	15 9 
 1172	26	2	10 16 
 1173	30	2	11 19 
 1174	28	2	13 15 
 1175	26	2	25 1 
 1176	26	2	6 20 
 1177	26	2	15 11 
 1178	26	2	17 9 
 1179	24	2	1 23 
 1180	30	2	15 15 
 1181	22	2	14 8 
 1182	24	2	14 10 
 1183	24	2	17 7 
 1184	28	2	6 22 
 1185	26	2	12 14 
 1186	30	2	18 12 
 1187	28	2	14 14 
 1188	26	2	7 19 
 1189	24	2	10 14 
 1190	26	2	20 6 
 1191	30	2	23 7 
 1192	28	2	18 10 
 1193	26	2	14 12 
 1194	22	2	12 10 
 1195	26	2	17 9 
 1196	28	2	13 15 
 1197	22	2	13 9 
 1198	26	2	16 10 
 1199	28	2	19 9 
 1200	28	2	4 24 
 1201	28	2	10 18 
 1202	24	2	8 16 
 1203	28	2	17 11 
 1204	28	2	16 12 
 1205	28	2	3 25 
 1206	28	3	15 3 10 
 1207	30	2	4 26 
 1208	26	2	10 16 
 1209	20	2	14 6 
 1210	28	2	25 3 
 1211	24	2	5 19 
 1212	26	2	8 18 
 1213	30	2	20 10 
 1214	26	2	8 18 
 1215	24	2	16 8 
 1216	30	2	20 10 
 1217	28	2	15 13 
 1218	28	2	14 14 
 1219	24	2	12 12 
 1220	28	2	16 12 
 1221	24	2	9 15 
 1222	30	2	17 13 
 1223	28	2	16 12 
 1224	28	3	1 5 22 
 1225	26	2	16 10 
 1226	28	2	17 11 
 1227	26	2	14 12 
 1228	28	2	12 16 
 1229	28	2	10 18 
 1230	28	2	21 7 
 1231	30	3	4 2 24 
 1232	28	2	7 21 
 1233	30	2	17 13 
 1234	26	2	16 10 
 1235	26	2	12 14 
 1236	28	2	14 14 
 1237	26	2	18 8 
 1238	28	2	25 3 
 1239	24	2	17 7 
 1240	22	3	2 4 16 
 1241	26	2	14 12 
 1242	28	2	13 15 
 1243	28	2	13 15 
 1244	24	2	19 5 
 1245	26	2	13 13 
 1246	28	2	22 6 
 1247	28	2	13 15 
 1248	20	2	10 10 
 1249	20	2	13 7 
 1250	30	2	3 27 
 1251	28	2	17 11 
 1252	26	2	15 11 
 1253	30	2	25 5 
 1254	26	2	12 14 
 1255	26	2	20 6 
 1256	28	2	9 19 
 1257	30	2	23 7 
 1258	28	2	20 8 
 1259	28	2	10 18 
 1260	26	2	15 11 
 1261	26	2	10 16 
 1262	26	2	1 25 
 1263	26	2	10 16 
 1264	26	2	8 18 
 1265	28	2	16 12 
 1266	26	2	8 18 
 1267	28	2	26 2 
 1268	28	2	6 22 
 1269	28	2	7 21 
 1270	26	2	11 15 
 1271	30	2	12 18 
 1272	24	2	9 15 
 1273	26	3	3 5 18 
 1274	30	2	18 12 
 1275	28	2	26 2 
 1276	28	2	10 18 
 1277	26	2	12 14 
 1278	28	2	12 16 
 1279	22	2	12 10 
 1280	24	2	22 2 
 1281	30	2	15 15 
 1282	26	2	9 17 
 1283	28	2	9 19 
 1284	30	2	19 11 
 1285	30	2	3 27 
 1286	24	2	9 15 
 1287	28	2	13 15 
 1288	28	2	27 1 
 1289	28	2	6 22 
 1290	22	2	12 10 
 1291	22	2	12 10 
 1292	24	2	13 11 
 1293	28	2	13 15 
 1294	26	2	6 20 
 1295	26	2	15 11 
 1296	30	2	22 8 
 1297	24	2	10 14 
 1298	22	2	7 15 
 1299	24	2	19 5 
 1300	24	2	11 13 
 1301	26	3	1 25 0 
 1302	26	2	12 14 
 1303	22	2	20 2 
 1304	28	2	22 6 
 1305	28	2	8 20 
 1306	28	2	10 18 
 1307	26	2	9 17 
 1308	28	2	16 12 
 1309	28	2	12 16 
 1310	22	2	11 11 
 1311	26	2	16 10 
 1312	26	2	18 8 
 1313	22	2	0 22 
 1314	28	2	17 11 
 1315	24	2	16 8 
 1316	24	2	16 8 
 1317	28	2	7 21 
 1318	28	2	10 18 
 1319	28	2	18 10 
 1320	28	2	19 9 
 1321	24	2	12 12 
 1322	24	2	13 11 
 1323	24	2	13 11 
 1324	24	2	15 9 
 1325	28	2	11 17 
 1326	24	2	10 14 
 1327	24	2	14 10 
 1328	26	2	15 11 
 1329	22	2	16 6 
 1330	22	2	22 0 
 1331	26	2	9 17 
 1332	24	2	12 12 
 1333	28	2	11 17 
 1334	26	2	15 11 
 1335	24	3	5 13 6 
 1336	26	3	5 18 3 
 1337	26	3	5 18 3 
 1338	26	2	6 20 
 1339	22	2	9 13 
 1340	22	3	18 4 0 
 1341	24	2	16 8 
 1342	30	2	16 14 
 1343	28	2	20 8 
 1344	28	2	8 20 
 1345	26	2	22 4 
 1346	26	2	13 13 
 1347	22	2	13 9 
 1348	28	2	17 11 
 1349	28	3	4 0 24 
 1350	30	3	4 24 2 
 1351	26	2	9 17 
 1352	30	2	6 24 
 1353	28	2	24 4 
 1354	26	2	8 18 
 1355	28	2	10 18 
 1356	24	2	16 8 
 1357	28	2	11 17 
 1358	26	2	20 6 
 1359	26	2	6 20 
 1360	26	2	8 18 
 1361	28	2	23 5 
 1362	26	2	16 10 
 1363	26	2	22 4 
 1364	28	2	22 6 
 1365	28	2	6 22 
 1366	24	2	10 14 
 1367	26	2	18 8 
 1368	30	2	10 20 
 1369	28	2	6 22 
 1370	30	2	22 8 
 1371	26	2	15 11 
 1372	26	2	10 16 
 1373	26	3	2 22 2 
 1374	28	2	14 14 
 1375	28	2	8 20 
 1376	24	2	15 9 
 1377	30	2	8 22 
 1378	24	2	7 17 
 1379	26	2	16 10 
 1380	28	2	3 25 
 1381	30	2	15 15 
 1382	24	2	13 11 
 1383	28	2	13 15 
 1384	28	2	16 12 
 1385	26	2	15 11 
 1386	28	2	16 12 
 1387	26	2	13 13 
 1388	26	2	8 18 
 1389	30	2	12 18 
 1390	28	2	12 16 
 1391	26	2	12 14 
 1392	24	2	6 18 
 1393	28	2	14 14 
 1394	26	2	5 21 
 1395	26	2	19 7 
 1396	24	2	9 15 
 1397	26	2	21 5 
 1398	22	2	12 10 
 1399	28	2	19 9 
 1400	26	2	15 11 
 1401	26	2	2 24 
 1402	24	2	14 10 
 1403	28	2	10 18 
 1404	28	2	8 20 
 1405	28	2	17 11 
 1406	28	2	20 8 
 1407	28	2	0 28 
 1408	22	2	10 12 
 1409	28	2	15 13 
 1410	22	2	10 12 
 1411	24	2	22 2 
 1412	24	2	2 22 
 1413	24	2	23 1 
 1414	28	2	19 9 
 1415	28	2	15 13 
 1416	28	2	14 14 
 1417	22	2	13 9 
 1418	28	2	21 7 
 1419	28	3	12 6 10 
 1420	28	2	9 19 
 1421	24	2	14 10 
 1422	30	2	20 10 
 1423	28	2	18 10 
 1424	28	3	2 4 22 
 1425	24	2	20 4 
 1426	30	2	7 23 
 1427	26	2	2 24 
 1428	28	2	21 7 
 1429	26	2	23 3 

[pop]=3
 1	22	2	10 12 
 2	24	2	14 10 
 3	24	2	17 7 
 4	26	2	18 8 
 5	26	3	0 24 2 
 6	22	2	5 17 
 7	22	2	15 7 
 8	18	2	12 6 
 9	20	2	12 8 
 10	22	2	12 10 
 11	16	2	6 10 
 12	16	2	6 10 
 13	20	2	7 13 
 14	26	2	17 9 
 15	22	2	16 6 
 16	18	2	12 6 
 17	26	3	4 10 12 
 18	26	2	14 12 
 19	20	2	10 10 
 20	22	2	22 0 
 21	20	2	6 14 
 22	24	2	14 10 
 23	20	2	13 7 
 24	22	2	14 8 
 25	22	2	8 14 
 26	18	2	7 11 
 27	20	2	9 11 
 28	20	2	8 12 
 29	22	3	3 5 14 
 30	20	2	5 15 
 31	24	2	10 14 
 32	22	2	21 1 
 33	20	2	13 7 
 34	20	2	7 13 
 35	20	4	7 0 9 4 
 36	20	2	8 12 
 37	22	2	18 4 
 38	24	2	11 13 
 39	22	2	5 17 
 40	18	2	8 10 
 41	26	2	23 3 
 42	24	2	17 7 
 43	24	2	11 13 
 44	20	2	10 10 
 45	22	2	14 8 
 46	24	2	9 15 
 47	22	2	16 6 
 48	22	2	14 8 
 49	20	2	15 5 
 50	26	2	11 15 
 51	20	2	5 15 
 52	24	2	1 23 
 53	26	2	7 19 
 54	24	2	15 9 
 55	22	2	10 12 
 56	20	2	8 12 
 57	22	2	16 6 
 58	24	3	8 12 4 
 59	24	2	3 21 
 60	24	2	12 12 
 61	22	2	21 1 
 62	24	2	10 14 
 63	22	2	10 12 
 64	22	2	7 15 
 65	22	2	18 4 
 66	22	2	4 18 
 67	20	2	10 10 
 68	26	2	15 11 
 69	22	2	10 12 
 70	22	2	12 10 
 71	20	2	16 4 
 72	24	2	8 16 
 73	22	2	21 1 
 74	20	2	13 7 
 75	26	2	26 0 
 76	24	2	10 14 
 77	20	2	10 10 
 78	22	2	11 11 
 79	26	2	7 19 
 80	24	2	8 16 
 81	26	2	11 15 
 82	18	2	6 12 
 83	20	2	15 5 
 84	22	2	17 5 
 85	22	2	9 13 
 86	24	2	17 7 
 87	22	2	9 13 
 88	20	2	17 3 
 89	22	2	8 14 
 90	22	2	5 17 
 91	16	2	11 5 
 92	18	2	0 18 
 93	22	2	11 11 
 94	20	2	14 6 
 95	18	2	9 9 
 96	22	2	13 9 
 97	22	2	7 15 
 98	22	2	5 17 
 99	24	2	10 14 
 100	22	2	11 11 
 101	20	2	6 14 
 102	22	2	12 10 
 103	22	2	16 6 
 104	18	2	12 6 
 105	22	2	4 18 
 106	24	2	2 22 
 107	20	2	13 7 
 108	22	2	13 9 
 109	24	3	2 19 3 
 110	24	3	2 19 3 
 111	18	3	2 1 15 
 112	22	2	15 7 
 113	20	2	9 11 
 114	26	2	4 22 
 115	24	2	12 12 
 116	24	2	13 11 
 117	26	2	17 9 
 118	24	2	20 4 
 119	26	2	10 16 
 120	26	2	9 17 
 121	18	3	4 3 11 
 122	16	2	16 0 
 123	22	2	19 3 
 124	24	3	6 15 3 
 125	20	2	4 16 
 126	20	2	7 13 
 127	20	2	13 7 
 128	22	2	20 2 
 129	24	2	9 15 
 130	24	3	2 0 22 
 131	20	2	7 13 
 132	22	2	12 10 
 133	22	2	4 18 
 134	18	2	7 11 
 135	20	2	10 10 
 136	22	2	16 6 
 137	22	2	14 8 
 138	22	2	12 10 
 139	24	2	17 7 
 140	22	2	6 16 
 141	24	2	15 9 
 142	22	2	9 13 
 143	22	2	13 9 
 144	22	2	16 6 
 145	20	2	11 9 
 146	26	2	10 16 
 147	26	2	10 16 
 148	22	2	13 9 
 149	20	2	8 12 
 150	24	2	5 19 
 151	20	2	10 10 
 152	26	2	18 8 
 153	24	2	7 17 
 154	22	2	2 20 
 155	20	2	10 10 
 156	20	2	6 14 
 157	20	2	6 14 
 158	22	2	16 6 
 159	22	2	6 16 
 160	24	2	16 8 
 161	18	2	17 1 
 162	22	2	9 13 
 163	22	2	10 12 
 164	24	2	21 3 
 165	20	2	12 8 
 166	22	2	16 6 
 167	24	2	9 15 
 168	24	2	18 6 
 169	22	2	14 8 
 170	22	2	8 14 
 171	22	2	7 15 
 172	26	2	16 10 
 173	24	2	21 3 
 174	22	2	5 17 
 175	22	2	5 17 
 176	24	2	12 12 
 177	24	2	12 12 
 178	22	2	14 8 
 179	20	2	9 11 
 180	24	2	14 10 
 181	22	2	22 0 
 182	24	2	16 8 
 183	18	2	9 9 
 184	22	2	10 12 
 185	16	2	13 3 
 186	26	2	8 18 
 187	20	2	16 4 
 188	20	3	2 18 0 
 189	20	2	7 13 
 190	18	2	6 12 
 191	26	2	6 20 
 192	22	2	13 9 
 193	22	2	9 13 
 194	22	2	7 15 
 195	22	3	4 18 0 
 196	20	2	9 11 
 197	20	2	10 10 
 198	20	2	18 2 
 199	26	2	17 9 
 200	22	2	13 9 
 201	18	2	8 10 
 202	22	2	14 8 
 203	20	2	13 7 
 204	24	2	10 14 
 205	22	2	10 12 
 206	24	2	9 15 
 207	20	2	15 5 
 208	20	2	16 4 
 209	22	2	7 15 
 210	24	2	11 13 
 211	24	2	13 11 
 212	24	2	13 11 
 213	24	2	20 4 
 214	24	2	15 9 
 215	26	2	4 22 
 216	20	2	13 7 
 217	18	2	12 6 
 218	24	2	4 20 
 219	24	2	11 13 
 220	22	2	12 10 
 221	16	2	11 5 
 222	26	2	6 20 
 223	20	2	15 5 
 224	18	2	2 16 
 225	20	2	10 10 
 226	24	2	6 18 
 227	24	2	5 19 
 228	20	2	11 9 
 229	26	2	2 24 
 230	24	2	10 14 
 231	20	2	14 6 
 232	22	3	1 17 4 
 233	22	3	1 18 3 
 234	22	2	8 14 
 235	22	2	11 11 
 236	26	2	18 8 
 237	26	2	17 9 
 238	24	2	24 0 
 239	20	2	8 12 
 240	22	2	9 13 
 241	20	2	9 11 
 242	24	2	13 11 
 243	20	2	16 4 
 244	22	2	17 5 
 245	20	2	17 3 
 246	24	2	5 19 
 247	24	2	5 19 
 248	18	2	5 13 
 249	22	2	9 13 
 250	18	2	11 7 
 251	24	2	18 6 
 252	22	2	13 9 
 253	20	2	9 11 
 254	24	2	13 11 
 255	18	2	12 6 
 256	24	2	18 6 
 257	22	2	6 16 
 258	22	2	14 8 
 259	24	2	23 1 
 260	24	2	0 24 
 261	26	2	20 6 
 262	22	2	15 7 
 263	18	2	9 9 
 264	26	2	7 19 
 265	24	2	12 12 
 266	20	3	14 2 4 
 267	24	2	18 6 
 268	24	2	7 17 
 269	22	2	17 5 
 270	24	2	9 15 
 271	24	2	9 15 
 272	24	2	8 16 
 273	20	2	15 5 
 274	22	2	10 12 
 275	22	2	15 7 
 276	18	2	6 12 
 277	26	2	10 16 
 278	24	2	18 6 
 279	22	2	12 10 
 280	20	2	8 12 
 281	24	2	14 10 
 282	20	2	4 16 
 283	24	2	6 18 
 284	22	2	9 13 
 285	26	2	14 12 
 286	24	2	8 16 
 287	24	2	20 4 
 288	20	2	13 7 
 289	24	3	0 19 5 
 290	26	2	8 18 
 291	18	2	15 3 
 292	20	2	6 14 
 293	24	2	5 19 
 294	24	2	12 12 
 295	24	3	0 1 23 
 296	20	2	18 2 
 297	18	2	9 9 
 298	22	2	1 21 
 299	24	2	9 15 
 300	24	2	9 15 
 301	26	2	6 20 
 302	24	2	9 15 
 303	22	2	6 16 
 304	20	2	15 5 
 305	26	2	9 17 
 306	26	2	18 8 
 307	24	2	10 14 
 308	24	2	9 15 
 309	20	2	8 12 
 310	24	2	9 15 
 311	22	2	8 14 
 312	22	2	4 18 
 313	22	2	10 12 
 314	20	2	2 18 
 315	18	2	17 1 
 316	22	2	17 5 
 317	22	2	4 18 
 318	20	2	10 10 
 319	22	2	15 7 
 320	22	2	5 17 
 321	22	2	11 11 
 322	20	2	15 5 
 323	22	2	13 9 
 324	24	2	17 7 
 325	24	2	9 15 
 326	18	2	2 16 
 327	22	2	15 7 
 328	24	2	10 14 
 329	24	2	12 12 
 330	22	2	2 20 
 331	20	2	20 0 
 332	24	2	14 10 
 333	22	2	1 21 
 334	20	2	15 5 
 335	24	2	18 6 
 336	22	2	13 9 
 337	22	2	14 8 
 338	22	2	21 1 
 339	22	3	13 6 3 
 340	24	2	5 19 
 341	20	2	11 9 
 342	20	2	2 18 
 343	22	2	6 16 
 344	20	2	11 9 
 345	20	2	15 5 
 346	20	2	10 10 
 347	22	2	7 15 
 348	20	2	10 10 
 349	24	2	11 13 
 350	22	2	15 7 
 351	24	2	11 13 
 352	22	2	12 10 
 353	22	2	6 16 
 354	22	3	0 13 9 
 355	22	2	5 17 
 356	22	2	10 12 
 357	16	2	9 7 
 358	22	2	4 18 
 359	24	3	20 4 0 
 360	20	2	19 1 
 361	22	2	14 8 
 362	20	2	7 13 
 363	20	2	9 11 
 364	18	2	8 10 
 365	22	3	2 13 7 
 366	20	3	2 0 18 
 367	26	2	6 20 
 368	24	2	16 8 
 369	16	2	9 7 
 370	20	2	8 12 
 371	24	2	12 12 
 372	18	2	9 9 
 373	18	2	0 18 
 374	22	2	16 6 
 375	22	2	10 12 
 376	26	2	21 5 
 377	26	2	16 10 
 378	26	2	19 7 
 379	22	2	11 11 
 380	22	2	17 5 
 381	24	2	13 11 
 382	22	3	1 19 2 
 383	22	2	8 14 
 384	20	2	13 7 
 385	24	2	10 14 
 386	20	2	6 14 
 387	20	2	5 15 
 388	24	2	11 13 
 389	24	2	9 15 
 390	20	2	5 15 
 391	24	2	2 22 
 392	26	2	15 11 
 393	24	2	11 13 
 394	20	2	4 16 
 395	22	2	6 16 
 396	24	3	16 6 2 
 397	20	2	11 9 
 398	24	2	4 20 
 399	26	2	12 14 
 400	26	2	15 11 
 401	22	2	9 13 
 402	22	2	11 11 
 403	22	2	14 8 
 404	18	2	9 9 
 405	24	2	8 16 
 406	26	2	13 13 
 407	18	2	13 5 
 408	22	2	9 13 
 409	22	2	13 9 
 410	22	2	4 18 
 411	24	2	20 4 
 412	22	2	9 13 
 413	24	3	0 24 0 
 414	24	2	7 17 
 415	22	2	14 8 
 416	18	2	13 5 
 417	20	2	14 6 
 418	18	2	12 6 
 419	22	2	20 2 
 420	24	2	7 17 
 421	18	2	11 7 
 422	20	2	11 9 
 423	22	2	15 7 
 424	24	2	16 8 
 425	20	2	6 14 
 426	22	2	15 7 
 427	24	2	9 15 
 428	24	2	20 4 
 429	24	2	6 18 
 430	26	2	11 15 
 431	22	2	13 9 
 432	24	2	15 9 
 433	26	2	18 8 
 434	24	2	9 15 
 435	20	2	8 12 
 436	22	2	11 11 
 437	26	2	9 17 
 438	18	2	14 4 
 439	22	2	18 4 
 440	26	2	13 13 
 441	24	2	13 11 
 442	24	2	15 9 
 443	24	2	17 7 
 444	22	2	9 13 
 445	26	2	6 20 
 446	22	2	17 5 
 447	18	2	11 7 
 448	18	2	12 6 
 449	24	2	9 15 
 450	22	2	13 9 
 451	22	2	3 19 
 452	22	2	15 7 
 453	18	2	4 14 
 454	20	2	17 3 
 455	24	2	12 12 
 456	20	2	8 12 
 457	24	2	11 13 
 458	24	2	7 17 
 459	18	2	10 8 
 460	26	2	4 22 
 461	24	2	4 20 
 462	22	2	21 1 
 463	24	2	10 14 
 464	24	2	10 14 
 465	22	2	12 10 
 466	24	2	14 10 
 467	22	2	15 7 
 468	22	2	0 22 
 469	20	2	2 18 
 470	22	2	13 9 
 471	22	2	13 9 
 472	20	2	3 17 
 473	20	2	15 5 
 474	24	3	2 0 22 
 475	22	2	11 11 
 476	24	2	11 13 
 477	20	2	15 5 
 478	24	2	8 16 
 479	24	2	7 17 
 480	24	2	4 20 
 481	20	2	16 4 
 482	22	2	14 8 
 483	24	2	7 17 
 484	22	2	14 8 
 485	22	2	12 10 
 486	22	3	4 8 10 
 487	20	2	8 12 
 488	24	2	15 9 
 489	18	2	4 14 
 490	22	2	9 13 
 491	24	2	23 1 
 492	20	2	16 4 
 493	22	2	8 14 
 494	24	2	10 14 
 495	24	2	12 12 
 496	24	2	12 12 
 497	18	2	5 13 
 498	26	2	15 11 
 499	18	2	9 9 
 500	22	2	18 4 
 501	22	2	18 4 
 502	22	2	14 8 
 503	24	2	4 20 
 504	24	2	4 20 
 505	24	2	4 20 
 506	18	2	5 13 
 507	22	2	12 10 
 508	22	2	16 6 
 509	24	2	9 15 
 510	22	2	3 19 
 511	22	2	8 14 
 512	22	2	3 19 
 513	22	2	2 20 
 514	24	2	11 13 
 515	20	2	11 9 
 516	24	2	6 18 
 517	24	2	20 4 
 518	18	2	7 11 
 519	20	2	11 9 
 520	22	2	4 18 
 521	20	2	17 3 
 522	22	2	8 14 
 523	24	2	15 9 
 524	18	3	5 13 0 
 525	22	2	6 16 
 526	20	2	10 10 
 527	24	3	0 2 22 
 528	26	2	11 15 
 529	22	2	15 7 
 530	22	2	10 12 
 531	22	2	10 12 
 532	24	2	19 5 
 533	22	2	6 16 
 534	22	2	10 12 
 535	22	3	1 21 0 
 536	22	2	18 4 
 537	24	2	2 22 
 538	18	2	9 9 
 539	22	2	14 8 
 540	24	2	17 7 
 541	24	2	9 15 
 542	20	2	12 8 
 543	22	2	8 14 
 544	22	2	14 8 
 545	20	2	14 6 
 546	24	2	10 14 
 547	20	2	6 14 
 548	22	3	0 3 19 
 549	22	2	15 7 
 550	22	2	5 17 
 551	20	2	11 9 
 552	24	2	15 9 
 553	22	2	9 13 
 554	20	2	7 13 
 555	24	2	20 4 
 556	24	3	2 3 19 
 557	24	3	2 19 3 
 558	24	2	14 10 
 559	22	2	12 10 
 560	24	2	12 12 
 561	22	2	22 0 
 562	20	2	2 18 
 563	22	2	11 11 
 564	18	2	2 16 
 565	24	2	6 18 
 566	26	2	13 13 
 567	20	2	8 12 
 568	22	2	8 14 
 569	20	2	10 10 
 570	22	2	16 6 
 571	24	2	12 12 
 572	20	2	15 5 
 573	20	2	11 9 
 574	22	2	6 16 
 575	22	2	16 6 
 576	24	2	12 12 
 577	20	2	3 17 
 578	18	2	7 11 
 579	24	2	16 8 
 580	22	2	6 16 
 581	24	2	12 12 
 582	20	2	9 11 
 583	24	2	7 17 
 584	18	2	6 12 
 585	20	3	0 12 8 
 586	20	2	11 9 
 587	18	2	14 4 
 588	22	2	6 16 
 589	18	2	11 7 
 590	22	2	8 14 
 591	22	2	12 10 
 592	22	2	9 13 
 593	24	2	17 7 
 594	22	2	9 13 
 595	26	2	9 17 
 596	20	2	17 3 
 597	22	2	10 12 
 598	22	2	10 12 
 599	20	2	13 7 
 600	18	2	8 10 
 601	20	2	13 7 
 602	20	2	3 17 
 603	22	2	19 3 
 604	22	2	16 6 
 605	22	2	11 11 
 606	24	2	23 1 
 607	24	2	11 13 
 608	20	2	9 11 
 609	16	3	0 14 2 
 610	22	2	15 7 
 611	22	2	10 12 
 612	22	2	16 6 
 613	22	2	9 13 
 614	24	2	10 14 
 615	26	2	6 20 
 616	22	2	4 18 
 617	20	2	14 6 
 618	26	2	13 13 
 619	26	2	5 21 
 620	20	2	12 8 
 621	24	2	11 13 
 622	22	2	16 6 
 623	22	2	18 4 
 624	26	2	11 15 
 625	24	2	5 19 
 626	24	2	2 22 
 627	24	2	9 15 
 628	22	2	5 17 
 629	24	2	13 11 
 630	24	2	17 7 
 631	22	2	13 9 
 632	22	2	14 8 
 633	22	2	13 9 
 634	24	2	18 6 
 635	24	2	9 15 
 636	24	2	11 13 
 637	24	2	13 11 
 638	20	2	2 18 
 639	20	2	8 12 
 640	20	2	7 13 
 641	22	2	12 10 
 642	20	2	9 11 
 643	20	2	11 9 
 644	24	2	17 7 
 645	24	3	2 20 2 
 646	18	2	12 6 
 647	20	2	10 10 
 648	20	2	8 12 
 649	18	2	14 4 
 650	22	2	6 16 
 651	26	2	16 10 
 652	24	2	11 13 
 653	24	2	12 12 
 654	20	2	11 9 
 655	20	2	11 9 
 656	24	2	16 8 
 657	22	2	0 22 
 658	26	2	8 18 
 659	22	2	8 14 
 660	22	2	5 17 
 661	20	2	8 12 
 662	18	2	3 15 
 663	24	2	16 8 
 664	22	2	15 7 
 665	24	2	24 0 
 666	18	2	11 7 
 667	24	2	18 6 
 668	22	2	10 12 
 669	26	2	5 21 
 670	20	3	4 14 2 
 671	24	2	8 16 
 672	22	2	6 16 
 673	22	2	3 19 
 674	20	2	6 14 
 675	18	2	9 9 
 676	26	2	17 9 
 677	20	2	5 15 
 678	20	2	5 15 
 679	26	2	6 20 
 680	24	2	13 11 
 681	20	2	11 9 
 682	22	2	13 9 
 683	18	2	9 9 
 684	24	2	19 5 
 685	26	2	7 19 
 686	22	2	7 15 
 687	22	2	1 21 
 688	22	2	20 2 
 689	20	2	18 2 
 690	20	2	2 18 
 691	20	2	5 15 
 692	24	2	7 17 
 693	22	2	8 14 
 694	20	2	12 8 
 695	24	2	17 7 
 696	22	2	9 13 
 697	22	2	7 15 
 698	22	2	18 4 
 699	22	3	1 16 5 
 700	20	2	11 9 
 701	22	2	16 6 
 702	24	2	9 15 
 703	22	2	11 11 
 704	22	2	22 0 
 705	20	2	10 10 
 706	20	2	14 6 
 707	26	2	11 15 
 708	24	2	19 5 
 709	22	2	5 17 
 710	24	2	17 7 
 711	20	2	9 11 
 712	20	2	9 11 
 713	20	2	11 9 
 714	22	2	12 10 
 715	24	2	16 8 
 716	18	2	9 9 
 717	24	2	14 10 
 718	26	2	15 11 
 719	24	2	18 6 
 720	24	2	11 13 
 721	22	2	9 13 
 722	24	2	10 14 
 723	24	2	21 3 
 724	24	2	7 17 
 725	20	2	1 19 
 726	24	2	11 13 
 727	26	2	11 15 
 728	22	2	10 12 
 729	24	2	10 14 
 730	20	2	12 8 
 731	24	2	8 16 
 732	24	2	10 14 
 733	20	2	4 16 
 734	20	2	15 5 
 735	24	2	2 22 
 736	20	2	9 11 
 737	24	2	8 16 
 738	24	2	13 11 
 739	24	2	10 14 
 740	24	2	14 10 
 741	24	2	14 10 
 742	22	2	8 14 
 743	24	2	12 12 
 744	20	2	1 19 
 745	24	2	23 1 
 746	26	2	6 20 
 747	26	2	6 20 
 748	24	2	23 1 
 749	24	2	8 16 
 750	20	2	19 1 
 751	20	2	14 6 
 752	22	2	14 8 
 753	22	2	16 6 
 754	24	2	9 15 
 755	24	2	6 18 
 756	24	2	14 10 
 757	24	2	12 12 
 758	18	2	13 5 
 759	22	2	7 15 
 760	24	2	11 13 
 761	22	2	13 9 
 762	20	2	10 10 
 763	26	2	20 6 
 764	22	2	11 11 
 765	24	2	15 9 
 766	24	2	8 16 
 767	24	2	5 19 
 768	24	2	19 5 
 769	22	2	17 5 
 770	22	2	7 15 
 771	24	2	4 20 
 772	22	2	0 22 
 773	22	2	18 4 
 774	24	2	22 2 
 775	18	2	10 8 
 776	22	2	9 13 
 777	20	2	11 9 
 778	20	2	8 12 
 779	24	2	15 9 
 780	24	2	13 11 
 781	22	2	6 16 
 782	22	2	17 5 
 783	26	2	13 13 
 784	24	2	18 6 
 785	26	2	15 11 
 786	26	2	15 11 
 787	24	2	1 23 
 788	22	2	14 8 
 789	24	3	2 20 2 
 790	24	3	2 20 2 
 791	26	2	17 9 
 792	24	2	10 14 
 793	18	2	12 6 
 794	22	2	14 8 
 795	18	2	15 3 
 796	24	2	8 16 
 797	22	2	3 19 
 798	18	2	12 6 
 799	22	2	11 11 
 800	20	3	12 5 3 
 801	22	2	13 9 
 802	22	2	10 12 
 803	22	2	16 6 
 804	22	2	10 12 
 805	22	2	22 0 
 806	18	3	0 6 12 
 807	24	2	15 9 
 808	26	2	2 24 
 809	16	2	12 4 
 810	20	2	10 10 
 811	22	2	8 14 
 812	18	2	10 8 
 813	18	2	14 4 
 814	22	2	13 9 
 815	22	2	14 8 
 816	26	2	16 10 
 817	26	2	21 5 
 818	20	2	3 17 
 819	22	2	13 9 
 820	26	2	10 16 
 821	22	2	11 11 
 822	24	2	4 20 
 823	22	2	12 10 
 824	22	2	10 12 
 825	26	2	21 5 
 826	24	2	3 21 
 827	26	2	11 15 
 828	20	2	7 13 
 829	24	2	6 18 
 830	22	2	8 14 
 831	24	2	10 14 
 832	20	2	12 8 
 833	26	2	15 11 
 834	22	2	8 14 
 835	18	2	9 9 
 836	24	2	9 15 
 837	22	2	14 8 
 838	22	2	15 7 
 839	26	2	18 8 
 840	24	2	5 19 
 841	24	2	15 9 
 842	24	2	14 10 
 843	22	2	10 12 
 844	22	2	14 8 
 845	18	2	16 2 
 846	26	2	10 16 
 847	22	2	5 17 
 848	20	2	15 5 
 849	22	2	11 11 
 850	24	2	16 8 
 851	26	2	7 19 
 852	22	2	20 2 
 853	24	2	3 21 
 854	24	2	10 14 
 855	18	2	3 15 
 856	24	2	9 15 
 857	20	2	20 0 
 858	22	2	15 7 
 859	24	2	11 13 
 860	22	2	13 9 
 861	26	2	12 14 
 862	20	2	9 11 
 863	20	2	9 11 
 864	20	2	11 9 
 865	20	2	18 2 
 866	22	2	4 18 
 867	24	2	21 3 
 868	24	3	9 2 13 
 869	24	3	3 2 19 
 870	26	2	24 2 
 871	22	2	6 16 
 872	20	2	6 14 
 873	18	2	4 14 
 874	22	2	13 9 
 875	22	2	17 5 
 876	22	3	3 16 3 
 877	22	2	18 4 
 878	26	2	24 2 
 879	22	2	9 13 
 880	24	2	14 10 
 881	24	2	16 8 
 882	20	2	11 9 
 883	20	2	9 11 
 884	24	2	10 14 
 885	24	2	11 13 
 886	26	2	15 11 
 887	24	2	22 2 
 888	20	2	10 10 
 889	22	2	4 18 
 890	24	2	12 12 
 891	24	2	19 5 
 892	20	2	5 15 
 893	20	2	8 12 
 894	26	3	3 0 23 
 895	22	2	8 14 
 896	18	2	13 5 
 897	26	2	12 14 
 898	26	2	17 9 
 899	20	2	13 7 
 900	20	2	11 9 
 901	22	2	16 6 
 902	24	2	8 16 
 903	24	2	8 16 
 904	22	2	5 17 
 905	24	2	18 6 
 906	22	2	11 11 
 907	20	2	6 14 
 908	22	2	13 9 
 909	22	2	13 9 
 910	20	2	20 0 
 911	24	2	13 11 
 912	22	2	14 8 
 913	24	2	22 2 
 914	22	2	17 5 
 915	22	2	14 8 
 916	20	2	16 4 
 917	22	2	13 9 
 918	22	2	6 16 
 919	22	2	16 6 
 920	22	2	15 7 
 921	22	2	14 8 
 922	24	3	3 19 2 
 923	22	2	8 14 
 924	22	2	12 10 
 925	22	2	11 11 
 926	24	3	23 1 0 
 927	24	2	9 15 
 928	20	2	4 16 
 929	20	2	9 11 
 930	24	2	16 8 
 931	26	2	18 8 
 932	26	2	12 14 
 933	18	2	8 10 
 934	20	2	12 8 
 935	22	2	13 9 
 936	24	2	15 9 
 937	20	2	12 8 
 938	20	2	6 14 
 939	20	2	11 9 
 940	24	2	15 9 
 941	20	2	18 2 
 942	24	2	21 3 
 943	20	2	2 18 
 944	20	2	2 18 
 945	24	2	16 8 
 946	20	2	6 14 
 947	26	3	15 4 7 
 948	22	2	14 8 
 949	22	2	10 12 
 950	22	2	12 10 
 951	24	2	16 8 
 952	24	3	6 16 2 
 953	22	2	12 10 
 954	24	2	18 6 
 955	24	2	2 22 
 956	22	2	15 7 
 957	20	2	13 7 
 958	24	2	13 11 
 959	24	2	13 11 
 960	22	2	8 14 
 961	22	2	9 13 
 962	24	2	7 17 
 963	22	2	11 11 
 964	22	2	17 5 
 965	24	2	17 7 
 966	24	2	15 9 
 967	20	2	7 13 
 968	24	2	10 14 
 969	18	2	13 5 
 970	22	2	7 15 
 971	22	2	12 10 
 972	16	2	11 5 
 973	22	2	16 6 
 974	26	3	3 20 3 
 975	22	2	8 14 
 976	24	2	14 10 
 977	24	2	8 16 
 978	24	2	3 21 
 979	20	2	9 11 
 980	24	2	11 13 
 981	22	2	4 18 
 982	26	2	16 10 
 983	18	2	9 9 
 984	24	2	10 14 
 985	22	2	5 17 
 986	24	2	15 9 
 987	20	2	14 6 
 988	22	2	12 10 
 989	26	3	3 22 1 
 990	18	2	10 8 
 991	24	2	12 12 
 992	22	2	9 13 
 993	22	2	13 9 
 994	22	2	13 9 
 995	24	2	10 14 
 996	16	2	12 4 
 997	24	2	4 20 
 998	24	2	12 12 
 999	26	2	11 15 
 1000	26	2	16 10 
 1001	20	2	12 8 
 1002	24	2	14 10 
 1003	24	2	10 14 
 1004	20	2	4 16 
 1005	24	2	16 8 
 1006	22	2	19 3 
 1007	22	2	12 10 
 1008	18	2	9 9 
 1009	24	2	22 2 
 1010	20	2	3 17 
 1011	22	2	20 2 
 1012	22	2	8 14 
 1013	18	2	7 11 
 1014	26	2	13 13 
 1015	22	2	3 19 
 1016	16	2	7 9 
 1017	20	2	4 16 
 1018	26	2	17 9 
 1019	18	2	11 7 
 1020	20	2	6 14 
 1021	22	2	19 3 
 1022	24	2	14 10 
 1023	20	2	9 11 
 1024	22	2	6 16 
 1025	24	2	8 16 
 1026	20	2	13 7 
 1027	22	2	7 15 
 1028	26	2	11 15 
 1029	16	2	8 8 
 1030	20	2	6 14 
 1031	26	2	14 12 
 1032	24	2	13 11 
 1033	20	2	3 17 
 1034	20	2	15 5 
 1035	24	2	10 14 
 1036	22	2	9 13 
 1037	20	2	6 14 
 1038	24	2	9 15 
 1039	24	2	10 14 
 1040	26	2	15 11 
 1041	24	2	16 8 
 1042	18	2	5 13 
 1043	20	2	9 11 
 1044	24	2	12 12 
 1045	24	2	12 12 
 1046	24	2	11 13 
 1047	22	2	9 13 
 1048	24	2	14 10 
 1049	20	2	5 15 
 1050	24	2	15 9 
 1051	22	2	13 9 
 1052	24	2	4 20 
 1053	26	2	16 10 
 1054	20	2	9 11 
 1055	22	2	14 8 
 1056	22	2	15 7 
 1057	20	2	13 7 
 1058	24	2	14 10 
 1059	22	2	14 8 
 1060	22	2	10 12 
 1061	26	2	19 7 
 1062	22	2	10 12 
 1063	22	3	0 0 22 
 1064	16	2	10 6 
 1065	24	2	6 18 
 1066	20	2	13 7 
 1067	24	2	9 15 
 1068	20	2	13 7 
 1069	24	2	5 19 
 1070	20	2	12 8 
 1071	24	2	1 23 
 1072	18	2	2 16 
 1073	20	2	6 14 
 1074	26	2	8 18 
 1075	26	2	11 15 
 1076	22	2	20 2 
 1077	22	2	5 17 
 1078	22	2	12 10 
 1079	24	2	8 16 
 1080	24	2	12 12 
 1081	22	2	7 15 
 1082	24	2	8 16 
 1083	20	2	20 0 
 1084	24	2	12 12 
 1085	24	2	10 14 
 1086	22	2	12 10 
 1087	26	2	13 13 
 1088	20	2	15 5 
 1089	24	2	7 17 
 1090	22	2	15 7 
 1091	18	2	11 7 
 1092	22	2	5 17 
 1093	24	2	10 14 
 1094	22	2	2 20 
 1095	22	2	14 8 
 1096	24	2	9 15 
 1097	22	2	7 15 
 1098	22	2	4 18 
 1099	20	2	10 10 
 1100	16	2	7 9 
 1101	26	3	23 3 0 
 1102	20	2	9 11 
 1103	20	3	2 2 16 
 1104	18	2	9 9 
 1105	18	2	11 7 
 1106	24	2	6 18 
 1107	22	2	16 6 
 1108	24	2	21 3 
 1109	18	2	9 9 
 1110	18	2	15 3 
 1111	20	2	9 11 
 1112	24	2	7 17 
 1113	22	2	20 2 
 1114	24	2	9 15 
 1115	20	2	12 8 
 1116	20	2	12 8 
 1117	22	2	11 11 
 1118	20	2	10 10 
 1119	20	2	18 2 
 1120	24	2	5 19 
 1121	20	2	5 15 
 1122	26	2	13 13 
 1123	22	2	11 11 
 1124	24	3	3 0 21 
 1125	24	2	15 9 
 1126	20	2	8 12 
 1127	20	2	8 12 
 1128	18	2	11 7 
 1129	14	2	5 9 
 1130	18	2	4 14 
 1131	20	2	5 15 
 1132	20	2	15 5 
 1133	20	3	3 2 15 
 1134	16	2	7 9 
 1135	20	2	2 18 
 1136	26	2	9 17 
 1137	24	2	8 16 
 1138	22	2	12 10 
 1139	26	2	25 1 
 1140	26	3	10 14 2 
 1141	24	2	13 11 
 1142	24	2	19 5 
 1143	18	2	2 16 
 1144	26	2	13 13 
 1145	24	2	9 15 
 1146	24	2	13 11 
 1147	26	2	18 8 
 1148	24	2	11 13 
 1149	22	2	10 12 
 1150	22	2	6 16 
 1151	20	2	1 19 
 1152	24	2	17 7 
 1153	24	2	19 5 
 1154	22	2	8 14 
 1155	24	2	10 14 
 1156	20	2	15 5 
 1157	18	2	9 9 
 1158	20	2	6 14 
 1159	22	2	6 16 
 1160	22	2	13 9 
 1161	24	2	7 17 
 1162	22	2	3 19 
 1163	22	2	16 6 
 1164	22	2	8 14 
 1165	20	2	14 6 
 1166	18	2	6 12 
 1167	20	2	14 6 
 1168	20	2	4 16 
 1169	26	2	9 17 
 1170	20	2	10 10 
 1171	22	2	16 6 
 1172	24	2	6 18 
 1173	18	2	5 13 
 1174	18	2	11 7 
 1175	24	2	24 0 
 1176	22	2	7 15 
 1177	22	2	13 9 
 1178	26	2	19 7 
 1179	24	2	0 24 
 1180	24	2	10 14 
 1181	24	2	10 14 
 1182	26	2	11 15 
 1183	26	2	21 5 
 1184	20	2	1 19 
 1185	22	2	12 10 
 1186	20	2	11 9 
 1187	20	2	7 13 
 1188	24	2	10 14 
 1189	18	2	7 11 
 1190	22	2	19 3 
 1191	24	2	14 10 
 1192	22	2	17 5 
 1193	26	2	22 4 
 1194	24	2	7 17 
 1195	18	2	13 5 
 1196	22	2	7 15 
 1197	20	2	13 7 
 1198	22	2	15 7 
 1199	20	2	13 7 
 1200	20	2	1 19 
 1201	20	2	10 10 
 1202	24	2	17 7 
 1203	24	2	16 8 
 1204	20	2	12 8 
 1205	18	2	4 14 
 1206	22	3	10 4 8 
 1207	20	2	1 19 
 1208	20	2	6 14 
 1209	22	2	15 7 
 1210	16	2	15 1 
 1211	18	2	9 9 
 1212	22	2	12 10 
 1213	24	2	17 7 
 1214	20	2	8 12 
 1215	20	2	14 6 
 1216	24	2	15 9 
 1217	24	2	15 9 
 1218	22	2	17 5 
 1219	26	2	10 16 
 1220	20	2	8 12 
 1221	22	2	7 15 
 1222	26	2	12 14 
 1223	22	2	10 12 
 1224	22	3	2 5 15 
 1225	24	2	14 10 
 1226	20	2	12 8 
 1227	18	2	7 11 
 1228	22	2	13 9 
 1229	20	2	6 14 
 1230	22	2	18 4 
 1231	20	3	2 0 18 
 1232	26	2	13 13 
 1233	22	2	18 4 
 1234	24	2	17 7 
 1235	22	2	12 10 
 1236	22	2	16 6 
 1237	24	2	13 11 
 1238	24	2	22 2 
 1239	20	2	19 1 
 1240	26	3	1 5 20 
 1241	22	2	16 6 
 1242	22	2	7 15 
 1243	22	2	7 15 
 1244	26	2	10 16 
 1245	20	2	8 12 
 1246	22	2	14 8 
 1247	24	2	9 15 
 1248	26	2	11 15 
 1249	24	2	16 8 
 1250	24	2	5 19 
 1251	24	2	15 9 
 1252	22	2	10 12 
 1253	20	2	16 4 
 1254	26	2	19 7 
 1255	22	2	19 3 
 1256	20	2	7 13 
 1257	20	2	16 4 
 1258	26	2	16 10 
 1259	22	2	11 11 
 1260	18	2	9 9 
 1261	18	2	7 11 
 1262	18	2	2 16 
 1263	18	2	6 12 
 1264	18	2	5 13 
 1265	22	2	17 5 
 1266	26	2	13 13 
 1267	22	2	19 3 
 1268	22	2	6 16 
 1269	20	2	13 7 
 1270	22	2	9 13 
 1271	26	2	9 17 
 1272	20	2	8 12 
 1273	22	3	2 3 17 
 1274	26	2	17 9 
 1275	20	2	17 3 
 1276	24	2	6 18 
 1277	26	2	9 17 
 1278	22	2	14 8 
 1279	20	2	4 16 
 1280	22	2	20 2 
 1281	20	2	16 4 
 1282	20	2	15 5 
 1283	20	2	11 9 
 1284	18	2	14 4 
 1285	22	2	5 17 
 1286	22	2	16 6 
 1287	22	2	6 16 
 1288	20	2	19 1 
 1289	22	2	5 17 
 1290	22	2	13 9 
 1291	22	2	11 11 
 1292	22	2	10 12 
 1293	26	2	11 15 
 1294	22	2	5 17 
 1295	26	2	12 14 
 1296	22	2	13 9 
 1297	22	2	9 13 
 1298	26	2	9 17 
 1299	22	2	19 3 
 1300	24	2	7 17 
 1301	20	3	1 18 1 
 1302	22	2	18 4 
 1303	20	2	18 2 
 1304	22	2	18 4 
 1305	24	2	8 16 
 1306	24	2	9 15 
 1307	22	2	2 20 
 1308	18	2	9 9 
 1309	22	2	4 18 
 1310	26	2	15 11 
 1311	26	2	18 8 
 1312	20	2	10 10 
 1313	22	2	4 18 
 1314	20	2	9 11 
 1315	22	2	16 6 
 1316	22	2	17 5 
 1317	24	2	2 22 
 1318	20	2	14 6 
 1319	22	2	15 7 
 1320	20	2	17 3 
 1321	22	2	13 9 
 1322	20	2	16 4 
 1323	24	2	12 12 
 1324	22	2	17 5 
 1325	22	2	15 7 
 1326	22	2	14 8 
 1327	24	2	8 16 
 1328	24	2	12 12 
 1329	22	2	10 12 
 1330	24	2	23 1 
 1331	22	2	9 13 
 1332	26	2	7 19 
 1333	22	2	12 10 
 1334	20	2	14 6 
 1335	26	3	4 16 6 
 1336	26	3	1 24 1 
 1337	26	3	1 24 1 
 1338	22	2	6 16 
 1339	24	2	16 8 
 1340	24	3	22 0 2 
 1341	24	2	12 12 
 1342	20	2	14 6 
 1343	22	2	13 9 
 1344	22	2	9 13 
 1345	22	2	18 4 
 1346	18	2	11 7 
 1347	22	2	13 9 
 1348	26	2	18 8 
 1349	22	3	2 0 20 
 1350	24	3	1 22 1 
 1351	18	2	4 14 
 1352	16	2	5 11 
 1353	24	2	10 14 
 1354	22	2	16 6 
 1355	24	2	7 17 
 1356	24	2	16 8 
 1357	20	2	8 12 
 1358	22	2	10 12 
 1359	22	2	7 15 
 1360	24	2	10 14 
 1361	22	2	13 9 
 1362	22	2	11 11 
 1363	24	2	22 2 
 1364	22	2	16 6 
 1365	22	2	7 15 
 1366	24	2	19 5 
 1367	20	2	12 8 
 1368	22	2	9 13 
 1369	20	2	4 16 
 1370	24	2	11 13 
 1371	24	2	13 11 
 1372	22	2	9 13 
 1373	24	3	2 20 2 
 1374	22	2	8 14 
 1375	22	2	10 12 
 1376	24	2	11 13 
 1377	26	2	10 16 
 1378	24	2	8 16 
 1379	26	2	20 6 
 1380	22	2	4 18 
 1381	20	2	9 11 
 1382	24	2	12 12 
 1383	26	2	18 8 
 1384	26	2	9 17 
 1385	24	2	11 13 
 1386	20	2	7 13 
 1387	26	2	7 19 
 1388	22	2	11 11 
 1389	22	2	8 14 
 1390	20	2	10 10 
 1391	20	2	13 7 
 1392	26	2	11 15 
 1393	20	2	14 6 
 1394	18	2	5 13 
 1395	20	2	14 6 
 1396	20	2	12 8 
 1397	22	2	15 7 
 1398	24	2	15 9 
 1399	24	2	15 9 
 1400	24	2	14 10 
 1401	20	2	8 12 
 1402	22	2	17 5 
 1403	22	2	7 15 
 1404	24	2	6 18 
 1405	20	2	9 11 
 1406	20	2	12 8 
 1407	22	2	2 20 
 1408	22	2	7 15 
 1409	18	2	7 11 
 1410	24	2	16 8 
 1411	22	2	19 3 
 1412	22	2	3 19 
 1413	22	2	17 5 
 1414	24	2	16 8 
 1415	22	2	15 7 
 1416	22	2	5 17 
 1417	24	2	10 14 
 1418	22	2	13 9 
 1419	22	3	11 2 9 
 1420	20	2	6 14 
 1421	24	2	12 12 
 1422	18	2	11 7 
 1423	22	2	13 9 
 1424	22	3	3 0 19 
 1425	22	2	11 11 
 1426	20	2	10 10 
 1427	22	2	4 18 
 1428	26	2	16 10 
 1429	22	2	16 6 


