    prob  log10(PO)   qval  alpha  fst
1  0.0809008 -1.05541 0.849226 -0.036545 0.19107 
2  0.078941 -1.0670 0.85370 -0.031480 0.19160 
3  0.093261 -0.98778 0.82106 0.056669 0.20500 
4  0.089221 -1.0089 0.83030 -0.049942 0.18974 
5  0.095311 -0.97736 0.81494 0.054222 0.20464 
6  0.072371 -1.1078 0.86869 0.023366 0.19898 
7  0.066511 -1.1472 0.87812 -0.0089397 0.19418 
8  0.070401 -1.1207 0.87308 0.010870 0.19709 
9  0.078081 -1.0721 0.85605 -0.033179 0.19136 
10  0.10983 -0.90875 0.77387 -0.082243 0.18664 
11  0.99388 2.2106 0.0033275 1.6980 0.51417 
12  0.99348 2.1829 0.0039660 1.6962 0.51382 
13  0.070311 -1.1213 0.87327 0.020737 0.19854 
14  0.062231 -1.1781 0.88179 -0.0027156 0.19482 
15  0.21057 -0.57391 0.46182 0.23406 0.23783 
16  0.11745 -0.87588 0.73904 0.090125 0.21079 
17  0.13523 -0.80582 0.64963 0.11867 0.21612 
18  0.38307 -0.20695 0.31051 0.49195 0.28604 
19  0.10947 -0.91035 0.77640 -0.084115 0.18650 
20  0.082081 -1.0486 0.84618 -0.027736 0.19246 
21  0.074701 -1.0930 0.86299 -0.027489 0.19203 
22  0.082011 -1.0490 0.84663 -0.037797 0.19104 
23  0.10574 -0.92722 0.78801 0.073251 0.20779 
24  0.087111 -1.0203 0.83494 0.048438 0.20328 
25  0.093421 -0.98696 0.82061 0.056353 0.20469 
26  0.082581 -1.0457 0.84472 0.036986 0.20136 
27  0.071281 -1.1149 0.87112 0.026024 0.19922 
28  0.067261 -1.1420 0.87736 0.022615 0.19860 
29  0.066441 -1.1477 0.87816 -0.010849 0.19385 
30  0.071611 -1.1128 0.87043 0.024618 0.19899 
31  0.072651 -1.1060 0.86806 -0.020235 0.19279 
32  0.13203 -0.81783 0.66759 -0.12427 0.18340 
33  0.13173 -0.81897 0.67193 -0.11900 0.18340 
34  0.13186 -0.81847 0.66978 -0.12247 0.18311 
35  0.071831 -1.1113 0.87003 -0.027500 0.19177 
36  0.13555 -0.80464 0.64567 0.11487 0.21532 
37  0.10903 -0.91231 0.77823 0.080170 0.20924 
38  0.069361 -1.1277 0.87490 -0.014593 0.19353 
39  0.069281 -1.1282 0.87521 0.014272 0.19751 
40  0.071401 -1.1141 0.87073 -0.0043559 0.19506 
41  0.076861 -1.0796 0.85856 0.028613 0.20011 
42  0.14188 -0.78162 0.60281 -0.14345 0.18140 
43  0.064231 -1.1634 0.88040 0.013235 0.19709 
44  0.090061 -1.0045 0.82840 -0.053119 0.18947 
45  0.093701 -0.98553 0.81986 -0.058463 0.18892 
46  0.11590 -0.88241 0.74553 0.088081 0.21044 
47  0.086521 -1.0236 0.83573 -0.046035 0.19001 
48  0.10319 -0.93906 0.79512 -0.072719 0.18752 
49  0.067251 -1.1421 0.87741 -0.0027712 0.19499 
50  0.12475 -0.84609 0.70746 -0.10993 0.18421 
51  0.074191 -1.0962 0.86401 -0.024959 0.19233 
52  0.095511 -0.97635 0.81427 0.060921 0.20596 
53  0.097691 -0.96550 0.80860 -0.066107 0.18817 
54  0.072281 -1.1084 0.86879 0.028512 0.19965 
55  0.064221 -1.1635 0.88048 -0.0092596 0.19396 
56  0.070611 -1.1193 0.87247 0.010173 0.19703 
57  0.13144 -0.82007 0.67507 -0.12218 0.18320 
58  0.080171 -1.0597 0.85079 -0.036840 0.19108 
59  0.099361 -0.95733 0.80416 0.064254 0.20634 
60  0.063711 -1.1672 0.88116 0.0015455 0.19548 
61  0.074101 -1.0967 0.86413 -0.0086506 0.19455 
62  0.071071 -1.1163 0.87146 0.021314 0.19865 
63  0.14306 -0.77743 0.59309 -0.14513 0.18125 
64  0.10301 -0.93990 0.79558 -0.071713 0.18766 
65  0.079851 -1.0616 0.85176 -0.033243 0.19145 
66  0.085851 -1.0273 0.83728 -0.047204 0.18999 
67  0.073491 -1.1006 0.86580 0.030889 0.20002 
68  0.063321 -1.1700 0.88127 0.0079254 0.19636 
69  0.11971 -0.86649 0.73423 0.095129 0.21199 
70  0.086811 -1.0220 0.83539 -0.036981 0.19145 
71  0.078221 -1.0713 0.85577 -0.031465 0.19165 
72  0.24608 -0.48624 0.41531 0.29347 0.24901 
73  0.098341 -0.96231 0.80690 -0.053627 0.18994 
74  0.095671 -0.97555 0.81342 -0.053443 0.18978 
75  0.089691 -1.0064 0.82942 0.044300 0.20316 
76  0.10319 -0.93906 0.79512 -0.073509 0.18746 
77  0.064701 -1.1600 0.87984 0.0025335 0.19564 
78  0.079791 -1.0619 0.85239 -0.033866 0.19139 
79  0.067291 -1.1418 0.87728 0.010170 0.19684 
80  0.066791 -1.1453 0.87795 -0.0059000 0.19462 
81  0.13043 -0.82392 0.68010 -0.12204 0.18316 
82  0.13965 -0.78963 0.62200 0.12324 0.21697 
83  0.079881 -1.0614 0.85160 0.037923 0.20140 
84  0.076561 -1.0814 0.85916 -0.013806 0.19401 
85  0.075011 -1.0910 0.86188 -0.0054163 0.19505 
86  0.13198 -0.81802 0.66869 -0.12395 0.18304 
87  0.74376 0.46278 0.093213 1.0295 0.38675 
88  0.085931 -1.0268 0.83706 -0.018027 0.19404 
89  0.16979 -0.68927 0.51745 0.17036 0.22591 
90  0.098081 -0.96358 0.80748 0.066064 0.20655 
91  0.67714 0.32166 0.13552 0.92959 0.36803 
92  0.090501 -1.0021 0.82683 0.029885 0.20119 
93  0.45643 -0.075873 0.23980 0.60070 0.30640 
94  0.11807 -0.87329 0.73693 -0.099218 0.18512 
95  0.087091 -1.0205 0.83505 -0.042819 0.19051 
96  0.11597 -0.88212 0.74457 0.092652 0.21144 
97  0.076681 -1.0807 0.85889 -0.030730 0.19164 
98  0.082081 -1.0486 0.84618 0.038425 0.20163 
99  0.10973 -0.90919 0.77483 -0.083581 0.18651 
100  0.11532 -0.88488 0.74836 -0.091503 0.18579 
101  0.080831 -1.0558 0.84948 -0.038923 0.19082 
102  0.11874 -0.87050 0.73640 -0.10068 0.18504 
103  0.071021 -1.1166 0.87161 0.021254 0.19862 
104  0.092301 -0.99274 0.82324 0.054241 0.20432 
105  0.075111 -1.0904 0.86150 0.033167 0.20051 
106  0.079411 -1.0642 0.85270 0.010247 0.19756 
107  0.077961 -1.0729 0.85641 0.026803 0.19978 
108  0.095071 -0.97857 0.81593 0.060315 0.20522 
109  0.066121 -1.1500 0.87862 -0.0011228 0.19524 
110  0.069641 -1.1258 0.87463 0.012542 0.19729 
111  0.070811 -1.1180 0.87209 0.025663 0.19925 
112  0.064791 -1.1594 0.87980 -0.0013202 0.19516 
113  0.079011 -1.0666 0.85354 0.037790 0.20137 
114  0.077781 -1.0740 0.85698 0.010620 0.19762 
115  0.065041 -1.1576 0.87931 -0.0068398 0.19433 
116  0.066231 -1.1492 0.87849 -0.0061309 0.19452 
117  0.12739 -0.83568 0.69472 -0.11478 0.18380 
118  0.14422 -0.77333 0.58692 -0.14515 0.18138 
119  0.11505 -0.88603 0.74928 -0.094546 0.18550 
120  0.068121 -1.1361 0.87656 0.011928 0.19722 
121  0.29418 -0.38007 0.36000 -0.42067 0.15772 
122  0.083941 -1.0380 0.84184 -0.0093565 0.19508 
123  0.080961 -1.0551 0.84897 -0.0058867 0.19541 
124  0.062651 -1.1750 0.88163 -0.0030982 0.19481 
125  0.073451 -1.1009 0.86586 0.018227 0.19834 
126  0.11571 -0.88322 0.74601 -0.091321 0.18583 
127  0.11459 -0.88799 0.75153 -0.093658 0.18561 
128  0.11424 -0.88949 0.75328 0.085314 0.21054 
129  0.067081 -1.1432 0.87770 -0.0049116 0.19471 
130  0.085681 -1.0282 0.83771 -0.040966 0.19091 
131  0.094011 -0.98394 0.81910 -0.058742 0.18892 
132  0.067231 -1.1422 0.87745 -0.0042598 0.19484 
133  0.074331 -1.0953 0.86365 -0.010699 0.19433 
134  0.13246 -0.81620 0.66648 -0.12437 0.18300 
135  0.088771 -1.0114 0.83129 -0.049275 0.18975 
136  0.10276 -0.94108 0.79717 -0.074080 0.18741 
137  0.062941 -1.1728 0.88143 0.0075496 0.19626 
138  0.097321 -0.96733 0.80934 -0.063301 0.18834 
139  0.098231 -0.96285 0.80710 -0.058781 0.18930 
140  0.069301 -1.1281 0.87503 0.0027394 0.19589 
141  0.080661 -1.0568 0.84964 -0.033742 0.19143 
142  0.080811 -1.0559 0.84956 -0.023367 0.19303 
143  0.21324 -0.56697 0.45395 0.23711 0.23829 
144  0.10957 -0.90990 0.77546 -0.083145 0.18661 
145  0.078131 -1.0718 0.85598 0.033366 0.20069 
146  0.070051 -1.1230 0.87364 0.0051867 0.19630 
147  0.088841 -1.0110 0.83116 0.046204 0.20322 
148  0.10604 -0.92584 0.78616 0.075727 0.20814 
149  0.084761 -1.0333 0.84013 0.043658 0.20243 
150  0.18354 -0.64820 0.49462 0.21498 0.23439 
151  0.20122 -0.59875 0.46947 0.20888 0.23288 
152  0.063011 -1.1723 0.88139 -0.0020286 0.19488 
153  0.068001 -1.1369 0.87677 -0.011515 0.19383 
154  0.097901 -0.96447 0.80786 0.049232 0.20435 
155  0.074541 -1.0940 0.86317 -0.0091318 0.19455 
156  0.078731 -1.0682 0.85415 0.034241 0.20083 
157  0.081431 -1.0523 0.84769 0.038737 0.20159 
158  0.065001 -1.1579 0.87935 0.013885 0.19728 
159  0.078511 -1.0696 0.85482 -0.022914 0.19284 
160  0.074311 -1.0954 0.86383 0.024716 0.19925 
161  0.081281 -1.0532 0.84795 -0.0049354 0.19562 
162  0.11394 -0.89078 0.75371 -0.092902 0.18568 
163  0.077011 -1.0786 0.85822 0.029166 0.19996 
164  0.15191 -0.74685 0.55932 0.16103 0.22432 
165  0.066411 -1.1479 0.87824 -0.0065325 0.19444 
166  0.13051 -0.82362 0.67911 -0.12041 0.18333 
167  0.070421 -1.1206 0.87294 0.0030702 0.19608 
168  0.071301 -1.1148 0.87107 0.013445 0.19754 
169  0.078611 -1.0690 0.85445 0.034687 0.20092 
170  0.10272 -0.94127 0.79761 0.069160 0.20701 
171  0.068351 -1.1345 0.87617 -0.013182 0.19363 
172  0.088411 -1.0133 0.83225 -0.049858 0.18980 
173  0.13342 -0.81258 0.66192 0.11495 0.21563 
174  0.085501 -1.0292 0.83792 -0.036541 0.19148 
175  0.077981 -1.0728 0.85627 0.027399 0.19985 
176  0.076661 -1.0808 0.85896 0.030161 0.20015 
177  0.44701 -0.092392 0.24692 0.58263 0.30298 
178  0.13773 -0.79661 0.62835 -0.13626 0.18205 
179  0.064681 -1.1602 0.87996 -0.010531 0.19384 
180  0.084771 -1.0333 0.84003 -0.043712 0.19030 
181  0.090201 -1.0037 0.82788 -0.042057 0.19097 
182  0.070161 -1.1223 0.87345 -0.016141 0.19326 
183  0.069661 -1.1257 0.87459 0.010444 0.19705 
184  0.066341 -1.1484 0.87841 0.019537 0.19810 
185  0.085831 -1.0274 0.83738 -0.034569 0.19166 
186  0.10036 -0.95250 0.80170 0.065716 0.20637 
187  0.12686 -0.83775 0.69807 -0.11503 0.18380 
188  0.085211 -1.0308 0.83867 -0.043958 0.19036 
189  0.079911 -1.0612 0.85152 -0.035777 0.19114 
190  0.15283 -0.74376 0.55166 0.14722 0.22150 
191  0.076981 -1.0788 0.85842 0.027006 0.19987 
192  0.14445 -0.77252 0.58480 0.12484 0.21717 
193  0.063981 -1.1652 0.88084 0.011138 0.19687 
194  0.083681 -1.0394 0.84233 0.042743 0.20243 
195  0.077191 -1.0775 0.85788 0.0032387 0.19641 
196  0.16614 -0.70061 0.52655 0.16632 0.22503 
197  0.21856 -0.55332 0.44989 0.24712 0.24028 
198  0.084911 -1.0325 0.83920 -0.043787 0.19037 
199  0.068291 -1.1349 0.87630 -0.016174 0.19324 
200  0.083661 -1.0395 0.84243 0.044116 0.20257 
201  0.064681 -1.1602 0.87996 -0.0048537 0.19460 
202  0.072411 -1.1076 0.86858 0.015590 0.19787 
203  0.10620 -0.92511 0.78563 -0.079483 0.18693 
204  0.064021 -1.1649 0.88068 -0.0013305 0.19505 
205  0.076581 -1.0813 0.85909 -0.027533 0.19205 
206  0.10915 -0.91178 0.77792 -0.080798 0.18675 
207  0.12980 -0.82634 0.68300 -0.12079 0.18333 
208  0.073111 -1.1030 0.86686 0.00074820 0.19586 
209  0.10463 -0.93234 0.79080 0.073008 0.20790 
210  0.067181 -1.1426 0.87753 0.019233 0.19809 
211  0.067501 -1.1403 0.87711 0.016195 0.19766 
212  0.068671 -1.1323 0.87591 0.022849 0.19868 
213  0.099501 -0.95666 0.80376 -0.066172 0.18819 
214  0.098351 -0.96226 0.80671 -0.064264 0.18832 
215  0.11705 -0.87756 0.74109 -0.093450 0.18578 
216  0.073361 -1.1014 0.86625 0.029808 0.19990 
217  0.090181 -1.0038 0.82814 -0.050697 0.18968 
218  0.083071 -1.0429 0.84349 -0.036835 0.19120 
219  0.14272 -0.77863 0.59900 -0.14227 0.18140 
220  0.078521 -1.0695 0.85474 0.035307 0.20098 
221  0.072191 -1.1090 0.86895 -0.0079374 0.19465 
222  0.11319 -0.89402 0.75626 -0.091255 0.18594 
223  0.074601 -1.0936 0.86305 -0.027369 0.19201 
224  0.078721 -1.0683 0.85422 0.0016592 0.19634 
225  0.068841 -1.1312 0.87569 0.020419 0.19843 
226  0.083191 -1.0422 0.84330 -0.040804 0.19063 
227  0.079441 -1.0640 0.85262 0.0084360 0.19727 
228  0.084351 -1.0356 0.84084 0.043738 0.20249 
229  0.089131 -1.0094 0.83055 -0.022947 0.19358 
230  0.063281 -1.1703 0.88131 0.0052096 0.19597 
231  0.087221 -1.0197 0.83448 -0.047520 0.18996 
232  0.11219 -0.89836 0.76149 -0.088608 0.18564 
233  0.13384 -0.81101 0.65957 -0.12127 0.18281 
234  0.077901 -1.0732 0.85662 -0.018942 0.19336 
235  0.091911 -0.99476 0.82366 -0.053321 0.18941 
236  0.077781 -1.0740 0.85698 0.013238 0.19791 
237  0.071041 -1.1165 0.87156 0.011777 0.19725 
238  0.10456 -0.93267 0.79130 0.066496 0.20718 
239  0.072021 -1.1101 0.86957 0.012296 0.19737 
240  0.071931 -1.1107 0.86982 0.020120 0.19849 
241  0.10349 -0.93765 0.79442 -0.073589 0.18748 
242  0.10141 -0.94748 0.79979 -0.071425 0.18762 
243  0.14007 -0.78811 0.61704 -0.13961 0.18177 
244  0.50201 0.0034831 0.19426 0.69144 0.32366 
245  0.075581 -1.0875 0.86092 0.023031 0.19917 
246  0.090701 -1.0011 0.82602 -0.051442 0.18957 
247  0.082441 -1.0465 0.84527 -0.038570 0.19087 
248  0.082771 -1.0446 0.84416 -0.038322 0.19088 
249  0.075821 -1.0860 0.86060 -0.027335 0.19205 
250  0.072801 -1.1050 0.86746 0.0088995 0.19690 
251  0.079941 -1.0610 0.85136 0.0069327 0.19714 
252  0.071231 -1.1152 0.87117 0.0020698 0.19597 
253  0.14165 -0.78244 0.60833 -0.14419 0.18142 
254  0.070441 -1.1205 0.87290 0.00015676 0.19566 
255  0.13699 -0.79932 0.62990 -0.13472 0.18211 
256  0.97912 1.6711 0.0095468 1.6156 0.49821 
257  0.069951 -1.1237 0.87382 0.016470 0.19791 
258  0.11025 -0.90688 0.77090 -0.086043 0.18632 
259  0.086181 -1.0254 0.83629 -0.026304 0.19284 
260  0.079841 -1.0616 0.85192 0.019174 0.19890 
261  0.069701 -1.1254 0.87441 -0.016049 0.19334 
262  0.099451 -0.95690 0.80396 -0.066845 0.18808 
263  0.14396 -0.77425 0.59106 -0.14691 0.18114 
264  0.10104 -0.94924 0.80043 -0.070732 0.18786 
265  0.087631 -1.0175 0.83367 -0.038733 0.19131 
266  0.47616 -0.041437 0.22531 0.56956 0.29976 
267  0.13678 -0.80009 0.63293 -0.13324 0.18222 
268  0.092091 -0.99383 0.82352 -0.055709 0.18916 
269  0.093521 -0.98645 0.82016 -0.056864 0.18903 
270  0.99270 2.1335 0.0045217 1.6759 0.50989 
271  0.99218 2.1034 0.0049929 1.6705 0.50889 
272  0.067621 -1.1395 0.87698 -0.012063 0.19372 
273  0.090631 -1.0015 0.82629 0.053237 0.20410 
274  0.073601 -1.0999 0.86552 -0.010105 0.19437 
275  0.44509 -0.095767 0.25376 0.59321 0.30509 
276  0.14106 -0.78455 0.61188 -0.13880 0.18174 
277  0.071331 -1.1146 0.87088 0.00054681 0.19572 
278  0.10901 -0.91240 0.77853 -0.083501 0.18650 
279  0.11943 -0.86765 0.73532 -0.10263 0.18485 
280  0.12461 -0.84664 0.70967 -0.10816 0.18435 
281  0.093951 -0.98425 0.81940 -0.058189 0.18885 
282  0.073901 -1.0980 0.86466 -0.0047962 0.19507 
283  0.084121 -1.0369 0.84144 0.042972 0.20245 
284  0.069791 -1.1248 0.87423 0.018292 0.19813 
285  0.12871 -0.83055 0.68858 0.10520 0.21357 
286  0.074771 -1.0925 0.86262 0.030816 0.20019 
287  0.10617 -0.92525 0.78589 0.073729 0.20780 
288  0.078391 -1.0703 0.85504 0.026662 0.19970 
289  0.069841 -1.1244 0.87400 0.0031732 0.19596 
290  0.12464 -0.84652 0.70894 0.099120 0.21243 
291  0.077911 -1.0732 0.85655 0.024741 0.19958 
292  0.072811 -1.1050 0.86736 -0.0059398 0.19492 
293  0.070191 -1.1221 0.87336 0.010222 0.19703 
294  0.073441 -1.1009 0.86592 -0.023169 0.19249 
295  0.069431 -1.1272 0.87481 0.0097785 0.19692 
296  0.071311 -1.1147 0.87097 -0.0083962 0.19450 
297  0.077091 -1.0782 0.85801 -0.028011 0.19204 
298  0.079181 -1.0656 0.85316 0.027290 0.19997 
299  0.068341 -1.1346 0.87621 0.0087826 0.19675 
300  0.091411 -0.99737 0.82422 -0.055446 0.18914 
301  0.078541 -1.0694 0.85467 -0.018749 0.19345 
302  0.082941 -1.0436 0.84378 0.038434 0.20164 
303  0.097451 -0.96668 0.80879 -0.063700 0.18840 
304  0.10990 -0.90844 0.77290 -0.086716 0.18626 
305  0.068871 -1.1310 0.87565 -0.0088638 0.19422 
306  0.073781 -1.0988 0.86500 0.011420 0.19738 
307  0.12464 -0.84652 0.70894 -0.11080 0.18413 
308  0.099201 -0.95811 0.80476 -0.068070 0.18810 
309  0.073271 -1.1020 0.86648 -0.0030492 0.19526 
310  0.069011 -1.1300 0.87556 0.0099239 0.19697 
311  0.11767 -0.87496 0.73852 -0.097727 0.18529 
312  0.080051 -1.0604 0.85112 -0.031451 0.19172 
313  0.12435 -0.84768 0.71112 -0.11286 0.18395 
314  0.13168 -0.81915 0.67299 -0.12220 0.18324 
315  0.11441 -0.88876 0.75285 -0.089160 0.18612 
316  0.97253 1.5490 0.010925 1.5808 0.49163 
317  0.25258 -0.47116 0.40591 0.30228 0.25063 
318  0.13159 -0.81950 0.67403 -0.12293 0.18318 
319  0.074701 -1.0930 0.86299 0.025113 0.19930 
320  0.075951 -1.0852 0.86028 0.031563 0.20032 
321  0.099271 -0.95777 0.80456 -0.068485 0.18796 
322  0.065591 -1.1537 0.87903 0.016785 0.19772 
323  0.18190 -0.65297 0.49802 0.17637 0.22668 
324  0.14982 -0.75394 0.56425 0.13920 0.22011 
325  0.083041 -1.0431 0.84359 -0.038833 0.19077 
326  0.080071 -1.0603 0.85104 -0.024531 0.19276 
327  0.072721 -1.1056 0.86784 -0.0081956 0.19454 
328  0.070701 -1.1187 0.87228 -0.017140 0.19319 
329  0.097311 -0.96738 0.80953 -0.063880 0.18836 
330  0.077401 -1.0763 0.85760 0.018036 0.19854 
331  0.12514 -0.84454 0.70671 0.10732 0.21453 
332  0.068781 -1.1316 0.87574 0.011751 0.19717 
333  0.079911 -1.0612 0.85152 -0.0016782 0.19594 
334  0.10587 -0.92662 0.78670 -0.076723 0.18718 
335  0.088031 -1.0153 0.83308 -0.035742 0.19163 
336  0.11188 -0.89971 0.76226 -0.087074 0.18623 
337  0.072751 -1.1054 0.86763 0.0031311 0.19620 
338  0.20057 -0.60051 0.47322 0.23862 0.23899 
339  0.069671 -1.1256 0.87454 -0.019147 0.19292 
340  0.088411 -1.0133 0.83225 0.049341 0.20348 
341  0.11248 -0.89710 0.75952 -0.086949 0.18625 
342  0.092771 -0.99031 0.82223 0.036057 0.20213 
343  0.098771 -0.96021 0.80574 -0.065878 0.18817 
344  0.14494 -0.77080 0.57826 0.12643 0.21748 
345  0.069671 -1.1256 0.87454 0.014877 0.19769 
346  0.070601 -1.1194 0.87257 -0.018476 0.19299 
347  0.11132 -0.90217 0.76526 0.080746 0.20941 
348  0.075101 -1.0905 0.86156 0.014603 0.19788 
349  0.11281 -0.89566 0.75791 0.085401 0.20998 
350  0.090201 -1.0037 0.82788 -0.052007 0.18948 
351  0.080071 -1.0603 0.85104 -0.035697 0.19117 
352  0.11227 -0.89801 0.76071 -0.086943 0.18623 
353  0.098441 -0.96182 0.80652 -0.065641 0.18824 
354  0.091041 -0.99931 0.82534 -0.056482 0.18881 
355  0.069811 -1.1246 0.87414 -0.013737 0.19362 
356  0.072191 -1.1090 0.86895 -0.020524 0.19279 
357  0.067091 -1.1432 0.87766 -0.011062 0.19384 
358  0.38600 -0.20157 0.30473 0.49694 0.28696 
359  0.074801 -1.0923 0.86250 -0.024946 0.19235 
360  0.080071 -1.0603 0.85104 0.0087299 0.19739 
361  0.079981 -1.0608 0.85128 -0.036893 0.19099 
362  0.11593 -0.88229 0.74505 -0.095748 0.18544 
363  0.83074 0.69091 0.030827 1.1633 0.41184 
364  0.072401 -1.1076 0.86864 -0.021988 0.19261 
365  0.069761 -1.1250 0.87432 0.016345 0.19788 
366  0.063901 -1.1658 0.88096 0.011098 0.19681 
367  0.15324 -0.74238 0.54902 0.14728 0.22164 
368  0.34610 -0.27630 0.33835 0.44042 0.27644 
369  0.072481 -1.1071 0.86843 0.024472 0.19915 
370  0.13248 -0.81612 0.66536 -0.12087 0.18326 
371  0.073031 -1.1036 0.86697 0.00064902 0.19585 
372  0.085361 -1.0300 0.83824 0.043913 0.20252 
373  0.086331 -1.0246 0.83606 -0.016718 0.19426 
374  0.094171 -0.98313 0.81832 -0.058135 0.18906 
375  0.080541 -1.0575 0.85006 -0.037786 0.19095 
376  0.11279 -0.89575 0.75872 -0.089644 0.18596 
377  0.071901 -1.1109 0.86993 0.015477 0.19789 
378  0.062331 -1.1773 0.88171 0.013232 0.19707 
379  0.071731 -1.1120 0.87018 -0.019588 0.19288 
380  0.097071 -0.96856 0.81007 -0.061123 0.18864 
381  0.068061 -1.1365 0.87668 0.021847 0.19852 
382  0.076201 -1.0836 0.85982 0.023253 0.19926 
383  0.070711 -1.1187 0.87224 -0.011225 0.19398 
384  0.094551 -0.98120 0.81706 0.058684 0.20513 
385  0.079021 -1.0665 0.85347 0.032044 0.20054 
386  0.076701 -1.0805 0.85883 -0.026956 0.19208 
387  0.087251 -1.0196 0.83436 -0.048477 0.18986 
388  0.078261 -1.0711 0.85548 -0.034610 0.19121 
389  0.070371 -1.1209 0.87313 -0.0071966 0.19457 
390  0.10402 -0.93518 0.79276 -0.074778 0.18737 
391  0.079811 -1.0618 0.85231 0.00050314 0.19620 
392  0.074931 -1.0915 0.86219 -0.027808 0.19193 
393  0.13778 -0.79643 0.62679 -0.13387 0.18217 
394  0.15241 -0.74517 0.55426 0.14550 0.22130 
395  0.084451 -1.0351 0.84064 0.044906 0.20265 
396  0.99806 2.7114 0.0013200 1.9526 0.56174 
397  0.11008 -0.90764 0.77157 -0.085649 0.18635 
398  0.082451 -1.0464 0.84518 0.042542 0.20224 
399  0.10951 -0.91017 0.77577 -0.083931 0.18655 
400  0.066311 -1.1486 0.87845 -0.0085049 0.19414 
401  0.089251 -1.0088 0.83018 0.050520 0.20369 
402  0.093331 -0.98742 0.82091 -0.059519 0.18875 
403  0.092871 -0.98979 0.82179 0.057302 0.20486 
404  0.098591 -0.96108 0.80594 -0.064938 0.18824 
405  0.72625 0.42373 0.10074 0.99715 0.38062 
406  0.12276 -0.85406 0.71997 -0.10495 0.18462 
407  0.090551 -1.0019 0.82656 -0.053779 0.18934 
408  0.077131 -1.0779 0.85794 -0.016218 0.19370 
409  0.076341 -1.0828 0.85943 -0.027488 0.19207 
410  0.085451 -1.0295 0.83803 0.039235 0.20203 
411  0.073991 -1.0974 0.86448 -0.011291 0.19419 
412  0.070141 -1.1224 0.87355 -0.016167 0.19334 
413  0.077751 -1.0741 0.85704 -0.025725 0.19238 
414  0.078221 -1.0713 0.85577 0.031686 0.20044 
415  0.078371 -1.0704 0.85519 -0.033464 0.19135 
416  0.070891 -1.1175 0.87190 0.020404 0.19852 
417  0.12863 -0.83086 0.68948 -0.11538 0.18371 
418  0.11138 -0.90190 0.76490 0.080753 0.20914 
419  0.079861 -1.0615 0.85168 -0.0035603 0.19562 
420  0.10579 -0.92699 0.78775 -0.078113 0.18703 
421  0.080601 -1.0572 0.84981 0.034647 0.20101 
422  0.064451 -1.1618 0.88024 -0.0069601 0.19428 
423  0.15844 -0.72522 0.53806 0.15483 0.22291 
424  0.066431 -1.1478 0.87820 0.0049615 0.19606 
425  0.068381 -1.1343 0.87608 -0.014487 0.19350 
426  0.075031 -1.0909 0.86181 0.032204 0.20035 
427  0.092921 -0.98953 0.82165 -0.057622 0.18899 
428  0.080381 -1.0585 0.85047 -0.035294 0.19122 
429  0.070151 -1.1224 0.87350 0.012332 0.19730 
430  0.080251 -1.0592 0.85055 -0.035890 0.19110 
431  0.073371 -1.1014 0.86620 -0.010640 0.19423 
432  0.088501 -1.0128 0.83201 -0.050520 0.18963 
433  0.062241 -1.1780 0.88175 -0.0024621 0.19486 
434  0.18037 -0.65745 0.50137 0.19092 0.22976 
435  0.080201 -1.0595 0.85071 0.037335 0.20136 
436  0.078301 -1.0708 0.85541 -0.024083 0.19285 
437  0.13657 -0.80087 0.63733 -0.13265 0.18232 
438  0.10459 -0.93253 0.79105 -0.074208 0.18740 
439  0.067281 -1.1419 0.87732 0.0052791 0.19614 
440  0.083551 -1.0402 0.84282 -0.040278 0.19068 
441  0.14471 -0.77161 0.58047 -0.14897 0.18101 
442  0.086861 -1.0217 0.83528 -0.047874 0.18989 
443  0.077411 -1.0762 0.85746 -0.032165 0.19142 
444  0.068451 -1.1338 0.87595 0.0096317 0.19686 
445  0.086121 -1.0258 0.83640 0.046604 0.20287 
446  0.078371 -1.0704 0.85519 -0.031744 0.19160 
447  0.099341 -0.95743 0.80436 -0.067054 0.18806 
448  0.082111 -1.0484 0.84600 0.038097 0.20158 
449  0.10990 -0.90844 0.77290 -0.085116 0.18638 
450  0.067841 -1.1380 0.87686 -0.016053 0.19318 
451  0.11182 -0.89998 0.76302 0.081029 0.20981 
452  0.063741 -1.1670 0.88112 0.0022585 0.19558 
453  0.12247 -0.85523 0.72189 0.10039 0.21289 
454  0.10363 -0.93700 0.79395 -0.074091 0.18739 
455  0.10684 -0.92219 0.78426 -0.081191 0.18680 
456  0.085301 -1.0303 0.83846 -0.043783 0.19034 
457  0.10015 -0.95351 0.80212 -0.070500 0.18784 
458  0.097331 -0.96728 0.80916 -0.064095 0.18833 
459  0.083731 -1.0391 0.84223 -0.041203 0.19060 
460  0.14178 -0.78198 0.60468 0.13544 0.21972 
461  0.11002 -0.90790 0.77191 0.077441 0.20922 
462  0.095441 -0.97670 0.81461 -0.052746 0.18994 
463  0.065751 -1.1526 0.87899 0.0076050 0.19637 
464  0.12233 -0.85579 0.72499 0.096498 0.21197 
465  0.070961 -1.1170 0.87176 -0.021652 0.19259 
466  0.23643 -0.50914 0.42880 0.27095 0.24467 
467  0.10892 -0.91280 0.77912 -0.084074 0.18650 
468  0.091371 -0.99758 0.82450 -0.025998 0.19332 
469  0.12567 -0.84244 0.70366 0.11540 0.21584 
470  0.17936 -0.66042 0.50466 0.18751 0.22910 
471  0.075001 -1.0911 0.86200 0.016264 0.19812 
472  0.070851 -1.1177 0.87195 0.011038 0.19718 
473  0.076101 -1.0842 0.86008 -0.0099508 0.19449 
474  0.074031 -1.0972 0.86442 -0.0075161 0.19470 
475  0.080921 -1.0553 0.84914 0.038593 0.20149 
476  0.075251 -1.0895 0.86131 0.027173 0.19971 
477  0.073571 -1.1001 0.86569 -0.0010507 0.19561 
478  0.13620 -0.80223 0.63876 0.11911 0.21622 
479  0.13533 -0.80545 0.64833 0.11770 0.21597 
480  0.35947 -0.25087 0.32749 0.45887 0.27989 
481  0.070991 -1.1168 0.87166 -0.018506 0.19304 
482  0.068001 -1.1369 0.87677 -0.0058899 0.19465 
483  0.098561 -0.96123 0.80613 -0.066543 0.18815 
484  0.11538 -0.88462 0.74789 -0.093486 0.18558 
485  0.073681 -1.0994 0.86523 -0.023901 0.19238 
486  0.059021 -1.2026 0.88211 -0.0022722 0.19467 
487  0.10195 -0.94491 0.79893 -0.072030 0.18759 
488  0.070821 -1.1179 0.87204 -0.022227 0.19254 
489  0.10836 -0.91532 0.78030 0.082991 0.20993 
490  0.072491 -1.1070 0.86827 -0.021870 0.19262 
491  0.085941 -1.0268 0.83673 0.039010 0.20204 
492  0.065761 -1.1525 0.87894 -0.0068060 0.19438 
493  0.076021 -1.0847 0.86015 0.030209 0.20012 
494  0.13820 -0.79489 0.62521 -0.13604 0.18210 
495  0.064871 -1.1588 0.87964 -0.0071392 0.19429 
496  0.062501 -1.1761 0.88167 -0.00013970 0.19518 
497  0.11000 -0.90799 0.77224 -0.084806 0.18641 
498  0.082721 -1.0449 0.84444 -0.040521 0.19064 
499  0.082041 -1.0488 0.84645 -0.038601 0.19077 
500  0.10580 -0.92694 0.78722 -0.077006 0.18718 
501  0.069881 -1.1242 0.87396 0.0017788 0.19583 
502  0.084791 -1.0332 0.83982 -0.043025 0.19033 
503  0.079071 -1.0662 0.85324 -0.023166 0.19292 
504  0.075901 -1.0855 0.86047 -0.012620 0.19411 
505  0.074441 -1.0946 0.86341 -0.013247 0.19400 
506  0.063101 -1.1717 0.88135 0.0039062 0.19581 
507  0.48601 -0.024301 0.21785 0.64624 0.31494 
508  0.11701 -0.87773 0.74160 -0.097210 0.18532 
509  0.085741 -1.0279 0.83760 -0.043267 0.19044 
510  0.075071 -1.0906 0.86162 -0.026871 0.19213 
511  0.084941 -1.0323 0.83899 0.048954 0.20320 
512  0.10439 -0.93346 0.79179 0.079965 0.20913 
513  0.079311 -1.0648 0.85301 0.024340 0.19959 
514  0.071131 -1.1159 0.87137 0.0082233 0.19678 
515  0.084231 -1.0363 0.84114 -0.033282 0.19189 
516  0.089721 -1.0063 0.82930 -0.052493 0.18946 
517  0.090211 -1.0037 0.82762 -0.042845 0.19086 
518  0.12934 -0.82811 0.68490 0.10657 0.21388 
519  0.31696 -0.33344 0.35443 0.39822 0.26858 
520  0.12376 -0.85004 0.71324 -0.10869 0.18428 
521  0.078671 -1.0686 0.85430 0.0060048 0.19698 
522  0.078241 -1.0712 0.85555 -0.029605 0.19186 
523  0.24134 -0.49741 0.41989 0.27347 0.24502 
524  0.067541 -1.1401 0.87707 -0.0090770 0.19413 
525  0.070031 -1.1232 0.87368 0.010954 0.19710 
526  0.49216 -0.013612 0.21025 0.66025 0.31763 
527  0.27565 -0.41958 0.38626 0.34410 0.25858 
528  0.071401 -1.1141 0.87073 0.018426 0.19819 
529  0.064221 -1.1635 0.88048 0.013984 0.19726 
530  0.066351 -1.1483 0.87837 0.020862 0.19832 
531  0.083981 -1.0377 0.84174 -0.042256 0.19045 
532  0.074041 -1.0971 0.86436 0.020991 0.19872 
533  0.067151 -1.1428 0.87762 -0.0082407 0.19426 
534  0.12955 -0.82730 0.68395 -0.11841 0.18348 
535  0.082871 -1.0440 0.84387 0.030566 0.20062 
536  0.074511 -1.0942 0.86323 0.027879 0.19974 
537  0.11062 -0.90525 0.76954 0.076395 0.20899 
538  0.064801 -1.1593 0.87976 -0.0049049 0.19464 
539  0.073771 -1.0988 0.86506 -0.024981 0.19224 
540  0.081901 -1.0496 0.84725 -0.040426 0.19061 
541  0.10383 -0.93606 0.79347 -0.072408 0.18761 
542  0.074371 -1.0950 0.86353 -0.0082731 0.19464 
543  0.11801 -0.87354 0.73799 0.091784 0.21137 
544  0.12722 -0.83634 0.69641 -0.11569 0.18367 
545  0.13450 -0.80854 0.65346 -0.12912 0.18260 
546  0.17063 -0.68669 0.51114 0.16020 0.22368 
547  0.084771 -1.0333 0.84003 -0.044712 0.19027 
548  0.090941 -0.99983 0.82547 0.048366 0.20368 
549  0.073341 -1.1016 0.86637 -0.021948 0.19271 
550  0.10668 -0.92292 0.78481 0.075438 0.20813 
551  0.098951 -0.95933 0.80515 0.064298 0.20610 
552  0.12412 -0.84860 0.71183 -0.11014 0.18417 
553  0.13480 -0.80742 0.65220 -0.13185 0.18240 
554  0.10716 -0.92074 0.78315 -0.080180 0.18691 
555  0.095741 -0.97520 0.81291 0.062327 0.20592 
556  0.089531 -1.0073 0.82967 -0.046437 0.19018 
557  0.088361 -1.0136 0.83249 -0.042191 0.19073 
558  0.074071 -1.0969 0.86425 0.023989 0.19912 
559  0.074911 -1.0916 0.86225 0.026324 0.19950 
560  0.061821 -1.1812 0.88194 -0.00068761 0.19510 
561  0.094891 -0.97948 0.81658 0.042363 0.20319 
562  0.10658 -0.92338 0.78536 -0.066100 0.18885 
563  0.10393 -0.93560 0.79300 -0.076193 0.18727 
564  0.094191 -0.98303 0.81801 0.042997 0.20328 
565  0.11063 -0.90520 0.76919 -0.084850 0.18640 
566  0.072731 -1.1055 0.86773 0.0050183 0.19640 
567  0.10950 -0.91021 0.77609 -0.083763 0.18652 
568  0.10933 -0.91097 0.77732 -0.083824 0.18651 
569  0.087691 -1.0172 0.83355 -0.049651 0.18973 
570  0.072091 -1.1096 0.86921 0.022008 0.19878 
571  0.11806 -0.87333 0.73746 -0.097922 0.18530 
572  0.10933 -0.91097 0.77732 -0.083577 0.18651 
573  0.099571 -0.95632 0.80335 0.065776 0.20652 
574  0.072771 -1.1052 0.86752 0.019601 0.19844 
575  0.071931 -1.1107 0.86982 0.018703 0.19831 
576  0.85535 0.77182 0.021598 1.2033 0.41944 
577  0.075901 -1.0855 0.86047 0.021851 0.19892 
578  0.081201 -1.0537 0.84821 -0.035446 0.19126 
579  0.10545 -0.92855 0.78852 -0.077003 0.18714 
580  0.091231 -0.99831 0.82478 0.049255 0.20377 
581  0.088661 -1.0119 0.83177 -0.047529 0.18989 
582  0.076011 -1.0848 0.86021 -0.029140 0.19185 
583  0.13544 -0.80504 0.64701 0.11655 0.21568 
584  0.079831 -1.0617 0.85199 -0.027045 0.19241 
585  0.068771 -1.1317 0.87578 -0.018278 0.19292 
586  0.081571 -1.0515 0.84734 -0.039033 0.19090 
587  0.086971 -1.0211 0.83516 -0.046659 0.19006 
588  0.076241 -1.0834 0.85963 -0.015739 0.19370 
589  0.065501 -1.1543 0.87911 -0.0067170 0.19441 
590  0.12215 -0.85652 0.72560 -0.10483 0.18463 
591  0.070161 -1.1223 0.87345 -0.019920 0.19275 
592  0.090921 -0.99994 0.82561 0.054000 0.20426 
593  0.064001 -1.1651 0.88076 -0.0065558 0.19434 
594  0.073701 -1.0993 0.86518 -0.027043 0.19194 
595  0.087871 -1.0162 0.83332 0.049189 0.20338 
596  0.097711 -0.96540 0.80842 -0.065820 0.18823 
597  0.10294 -0.94023 0.79627 -0.072355 0.18762 
598  0.070491 -1.1201 0.87271 0.013452 0.19747 
599  0.076151 -1.0839 0.86002 0.027071 0.19972 
600  0.071931 -1.1107 0.86982 0.018106 0.19818 
601  0.071661 -1.1124 0.87038 -0.0011064 0.19549 
602  0.077961 -1.0729 0.85641 -0.014131 0.19399 
603  0.14017 -0.78775 0.61534 -0.13840 0.18198 
604  0.086351 -1.0245 0.83584 0.043294 0.20253 
605  0.11565 -0.88347 0.74696 0.087015 0.21017 
606  0.078151 -1.0717 0.85591 0.025052 0.19963 
607  0.093081 -0.98871 0.82120 -0.057620 0.18896 
608  0.10680 -0.92237 0.78454 -0.082712 0.18659 
609  0.067291 -1.1418 0.87728 -0.015540 0.19316 
610  0.069821 -1.1246 0.87409 -0.016980 0.19318 
611  0.12560 -0.84272 0.70443 0.10021 0.21262 
612  0.12911 -0.82900 0.68676 -0.11817 0.18351 
613  0.96271 1.4119 0.012809 1.5675 0.48906 
614  0.078541 -1.0694 0.85467 -0.034023 0.19134 
615  0.077931 -1.0731 0.85648 0.020402 0.19875 
616  0.069091 -1.1295 0.87543 -0.016777 0.19321 
617  0.10988 -0.90853 0.77355 0.082112 0.20932 
618  0.064971 -1.1581 0.87939 -0.0013315 0.19509 
619  0.080481 -1.0579 0.85022 0.023757 0.19946 
620  0.094531 -0.98130 0.81722 -0.058599 0.18887 
621  0.12894 -0.82966 0.68767 -0.11688 0.18362 
622  0.063861 -1.1661 0.88100 -0.0019523 0.19496 
623  0.081061 -1.0545 0.84863 0.025229 0.19979 
624  0.11877 -0.87038 0.73586 -0.10115 0.18494 
625  0.084281 -1.0360 0.84104 0.042409 0.20229 
626  0.084091 -1.0371 0.84164 0.037491 0.20174 
627  0.086311 -1.0247 0.83617 0.048154 0.20323 
628  0.10518 -0.92980 0.78929 -0.077726 0.18712 
629  0.095491 -0.97645 0.81444 -0.061362 0.18864 
630  0.77561 0.53863 0.060146 1.0435 0.38905 
631  0.10979 -0.90892 0.77451 -0.083127 0.18661 
632  0.075051 -1.0908 0.86169 -0.0084256 0.19466 
633  0.14283 -0.77824 0.59509 0.12872 0.21811 
634  0.089161 -1.0093 0.83042 0.053305 0.20411 
635  0.11985 -0.86591 0.73368 -0.099302 0.18508 
636  0.066871 -1.1447 0.87778 -0.013116 0.19354 
637  0.067551 -1.1400 0.87703 -0.014140 0.19342 
638  0.062191 -1.1784 0.88183 -0.0021986 0.19487 
639  0.084281 -1.0360 0.84104 -0.043038 0.19037 
640  0.097021 -0.96881 0.81026 -0.064421 0.18835 
641  0.12141 -0.85953 0.72621 -0.10688 0.18445 
642  0.062681 -1.1748 0.88159 -0.0016088 0.19499 
643  0.064111 -1.1643 0.88064 -0.0015872 0.19503 
644  0.095941 -0.97419 0.81273 -0.061531 0.18863 
645  0.075931 -1.0853 0.86034 0.023071 0.19923 
646  0.11957 -0.86707 0.73478 -0.10091 0.18500 
647  0.068911 -1.1307 0.87560 -0.014102 0.19351 
648  0.069691 -1.1255 0.87445 -0.014169 0.19348 
649  0.12723 -0.83631 0.69557 -0.11534 0.18375 
650  0.073561 -1.1002 0.86575 -0.0080424 0.19466 
651  0.42363 -0.13371 0.26725 0.55334 0.29757 
652  0.14580 -0.76780 0.57140 -0.15257 0.18072 
653  0.13599 -0.80301 0.64296 -0.13585 0.18206 
654  0.11658 -0.87954 0.74260 0.087834 0.21067 
655  0.075261 -1.0895 0.86124 -0.026505 0.19213 
656  0.10067 -0.95101 0.80128 -0.069773 0.18788 
657  0.081951 -1.0493 0.84698 -0.010144 0.19494 
658  0.12571 -0.84228 0.70288 0.10532 0.21377 
659  0.077841 -1.0736 0.85676 -0.033365 0.19141 
660  0.064691 -1.1601 0.87988 0.0084050 0.19646 
661  0.11235 -0.89766 0.76032 -0.087392 0.18622 
662  0.066061 -1.1504 0.87866 0.0073173 0.19639 
663  0.11628 -0.88080 0.74408 -0.096629 0.18541 
664  0.16603 -0.70096 0.52948 0.16770 0.22543 
665  0.089791 -1.0059 0.82904 -0.023919 0.19344 
666  0.090621 -1.0015 0.82642 -0.052973 0.18947 
667  0.069281 -1.1282 0.87521 0.0075512 0.19654 
668  0.088371 -1.0135 0.83237 -0.048318 0.18993 
669  0.076941 -1.0791 0.85849 -0.019455 0.19328 
670  0.077081 -1.0782 0.85808 -0.034136 0.19117 
671  0.074541 -1.0940 0.86317 -0.021467 0.19282 
672  0.064591 -1.1608 0.88008 -0.0020298 0.19494 
673  0.10287 -0.94056 0.79672 0.062340 0.20660 
674  0.21908 -0.55200 0.44580 0.24776 0.24041 
675  0.072051 -1.1099 0.86942 -0.019941 0.19285 
676  0.11092 -0.90393 0.76708 -0.085450 0.18637 
677  0.088231 -1.0143 0.83273 0.040847 0.20237 
678  0.089771 -1.0060 0.82917 0.042196 0.20265 
679  0.096481 -0.97150 0.81186 0.061157 0.20555 
680  0.064201 -1.1636 0.88052 0.0018773 0.19549 
681  0.064871 -1.1588 0.87964 0.0054012 0.19605 
682  0.088631 -1.0121 0.83189 -0.051051 0.18953 
683  0.10417 -0.93448 0.79227 -0.074859 0.18739 
684  0.090001 -1.0048 0.82853 -0.049066 0.18990 
685  0.075381 -1.0887 0.86118 0.021572 0.19884 
686  0.093891 -0.98456 0.81955 -0.057310 0.18897 
687  0.082811 -1.0444 0.84406 -0.0084700 0.19517 
688  0.12438 -0.84756 0.71040 -0.10810 0.18451 
689  0.095241 -0.97771 0.81511 -0.054032 0.18973 
690  0.095561 -0.97610 0.81393 -0.053790 0.18976 
691  0.28806 -0.39295 0.36550 0.35059 0.25965 
692  0.080921 -1.0553 0.84914 -0.025105 0.19274 
693  0.074741 -1.0927 0.86268 0.034125 0.20056 
694  0.12650 -0.83917 0.69970 0.10350 0.21330 
695  0.085931 -1.0268 0.83706 -0.043763 0.19038 
696  0.069421 -1.1273 0.87486 0.018012 0.19810 
697  0.083301 -1.0416 0.84301 0.039835 0.20184 
698  0.091761 -0.99554 0.82394 -0.054090 0.18931 
699  0.059791 -1.1966 0.88206 -0.0072601 0.19406 
700  0.066831 -1.1450 0.87783 0.014753 0.19743 
701  0.072981 -1.1039 0.86714 0.028068 0.19967 
702  0.097411 -0.96688 0.80898 0.063789 0.20596 
703  0.070791 -1.1181 0.87214 0.020019 0.19839 
704  0.096491 -0.97145 0.81168 0.059924 0.20581 
705  0.064911 -1.1585 0.87952 -0.0011953 0.19515 
706  0.083621 -1.0398 0.84272 -0.040868 0.19069 
707  0.071971 -1.1104 0.86967 0.0091474 0.19692 
708  0.073051 -1.1034 0.86692 -0.0037592 0.19518 
709  0.077201 -1.0775 0.85781 -0.014497 0.19388 
710  0.080441 -1.0581 0.85039 -0.036052 0.19114 
711  0.12359 -0.85072 0.71394 -0.10930 0.18428 
712  0.11197 -0.89932 0.76188 -0.088665 0.18610 
713  0.10807 -0.91662 0.78145 -0.082652 0.18663 
714  0.076521 -1.0816 0.85923 -0.030926 0.19165 
715  0.067151 -1.1428 0.87762 -0.015955 0.19320 
716  0.082191 -1.0479 0.84591 0.042193 0.20218 
717  0.12243 -0.85539 0.72315 0.096958 0.21209 
718  0.11112 -0.90305 0.76600 -0.087420 0.18622 
719  0.090421 -1.0026 0.82709 -0.051912 0.18953 
720  0.080441 -1.0581 0.85039 -0.037529 0.19087 
721  0.070501 -1.1201 0.87266 0.0049788 0.19624 
722  0.072101 -1.1096 0.86916 0.028820 0.19973 
723  0.088051 -1.0152 0.83297 -0.039625 0.19122 
724  0.14135 -0.78352 0.61012 -0.14575 0.18123 
725  0.13667 -0.80050 0.63588 -0.12774 0.18303 
726  0.065351 -1.1554 0.87923 0.014782 0.19739 
727  0.075541 -1.0877 0.86105 0.027675 0.19970 
728  0.11027 -0.90680 0.77056 -0.085150 0.18648 
729  0.10387 -0.93588 0.79324 -0.073013 0.18754 
730  0.078231 -1.0712 0.85562 -0.030425 0.19173 
731  0.070011 -1.1233 0.87373 0.012564 0.19733 
732  0.079981 -1.0608 0.85128 0.036596 0.20120 
733  0.70362 0.37548 0.11518 0.96746 0.37509 
734  0.10375 -0.93644 0.79371 -0.075634 0.18731 
735  0.10989 -0.90848 0.77322 -0.077220 0.18765 
736  0.066651 -1.1462 0.87799 -0.0092113 0.19411 
737  0.10442 -0.93332 0.79154 0.071185 0.20762 
738  0.065851 -1.1519 0.87882 -0.013253 0.19347 
739  0.12031 -0.86402 0.73202 -0.10133 0.18498 
740  0.12025 -0.86427 0.73258 -0.10197 0.18492 
741  0.12013 -0.86476 0.73313 -0.10155 0.18490 
742  0.10584 -0.92676 0.78696 -0.078062 0.18700 
743  0.13407 -0.81015 0.65594 -0.12722 0.18272 
744  0.080211 -1.0595 0.85063 0.0052025 0.19689 
745  0.078401 -1.0702 0.85489 0.011681 0.19767 
746  0.49555 -0.0077220 0.20242 0.65838 0.31718 
747  0.096341 -0.97219 0.81221 0.060621 0.20570 
748  0.080991 -1.0549 0.84880 -0.036732 0.19109 
749  0.062721 -1.1745 0.88151 0.0054586 0.19599 
750  0.075591 -1.0874 0.86086 -0.016141 0.19366 
751  0.28068 -0.40870 0.38121 0.33981 0.25758 
752  0.10269 -0.94141 0.79783 -0.070985 0.18773 
753  0.12680 -0.83799 0.69889 -0.11418 0.18382 
754  0.13605 -0.80279 0.64158 -0.13219 0.18232 
755  0.063981 -1.1652 0.88084 0.0060474 0.19608 
756  0.077001 -1.0787 0.85835 0.027380 0.19975 
757  0.10698 -0.92155 0.78371 0.075279 0.20812 
758  0.11741 -0.87605 0.73956 -0.097752 0.18526 
759  0.078011 -1.0726 0.85620 0.027374 0.19984 
760  0.096701 -0.97040 0.81115 -0.064534 0.18828 
761  0.095541 -0.97620 0.81410 -0.059750 0.18875 
762  0.073151 -1.1028 0.86675 -0.027142 0.19206 
763  0.071991 -1.1103 0.86962 0.0039506 0.19625 
764  0.096591 -0.97095 0.81151 0.061784 0.20566 
765  0.085861 -1.0272 0.83717 -0.045361 0.19011 
766  0.079711 -1.0624 0.85246 0.033230 0.20075 
767  0.078841 -1.0676 0.85392 0.0066893 0.19702 
768  0.080561 -1.0574 0.84998 0.027709 0.20010 
769  0.083621 -1.0398 0.84272 0.031485 0.20075 
770  0.13404 -0.81026 0.65716 -0.12866 0.18263 
771  0.10511 -0.93012 0.78955 -0.079254 0.18697 
772  0.13616 -0.80238 0.64018 -0.13166 0.18270 
773  0.072691 -1.1057 0.86795 0.022274 0.19886 
774  0.069241 -1.1285 0.87530 0.017916 0.19806 
775  0.073241 -1.1022 0.86653 -0.023236 0.19255 
776  0.077841 -1.0736 0.85676 -0.017371 0.19362 
777  0.089991 -1.0048 0.82866 0.048848 0.20356 
778  0.079341 -1.0646 0.85285 -0.034466 0.19139 
779  0.087341 -1.0191 0.83425 0.049003 0.20323 
780  0.073421 -1.1011 0.86609 0.018372 0.19835 
781  0.43486 -0.11380 0.26053 0.57058 0.30079 
782  0.089571 -1.0071 0.82955 0.051190 0.20382 
783  0.10811 -0.91644 0.78117 -0.082087 0.18669 
784  0.13957 -0.78992 0.62361 0.12118 0.21645 
785  0.10298 -0.94004 0.79604 0.070808 0.20729 
786  0.081451 -1.0522 0.84760 -0.036796 0.19098 
787  0.085391 -1.0298 0.83814 -0.035424 0.19159 
788  0.082211 -1.0478 0.84582 -0.038738 0.19084 
789  0.25945 -0.45549 0.40110 -0.37208 0.16258 
790  0.26113 -0.45171 0.39626 -0.37101 0.16261 
791  0.084111 -1.0370 0.84154 -0.042445 0.19049 
792  0.35850 -0.25270 0.33291 0.46062 0.28025 
793  0.096891 -0.96946 0.81062 -0.060146 0.18879 
794  0.28717 -0.39484 0.37085 0.35153 0.25982 
795  0.094261 -0.98267 0.81769 -0.058508 0.18899 
796  0.10694 -0.92174 0.78399 -0.079557 0.18689 
797  0.069301 -1.1281 0.87503 -0.012314 0.19384 
798  0.083901 -1.0382 0.84204 0.045939 0.20280 
799  0.089801 -1.0059 0.82891 -0.054820 0.18916 
800  0.19618 -0.61250 0.48055 0.19263 0.22970 
801  0.10664 -0.92310 0.78508 -0.077712 0.18710 
802  0.090481 -1.0023 0.82696 0.053723 0.20423 
803  0.084221 -1.0364 0.84124 0.043498 0.20244 
804  0.070001 -1.1234 0.87378 0.017972 0.19809 
805  0.090751 -1.0008 0.82588 -0.040168 0.19122 
806  0.098821 -0.95996 0.80535 -0.063571 0.18852 
807  0.072681 -1.1058 0.86800 0.017367 0.19821 
808  0.082681 -1.0451 0.84453 -0.0042580 0.19571 
809  0.082331 -1.0471 0.84564 -0.038340 0.19101 
810  0.094841 -0.97973 0.81674 0.058933 0.20513 
811  0.10468 -0.93211 0.79030 -0.075574 0.18735 
812  0.063961 -1.1654 0.88088 -0.0069285 0.19427 
813  0.14777 -0.76097 0.56904 0.13646 0.21966 
814  0.063791 -1.1666 0.88104 0.013564 0.19718 
815  0.074811 -1.0923 0.86244 -0.00094602 0.19569 
816  0.076751 -1.0802 0.85876 -0.029188 0.19188 
817  0.073861 -1.0983 0.86483 -0.0089050 0.19452 
818  0.076221 -1.0835 0.85976 -0.010985 0.19435 
819  0.070401 -1.1207 0.87308 -0.016754 0.19325 
820  0.12645 -0.83936 0.70051 -0.11078 0.18414 
821  0.14198 -0.78127 0.60092 0.12053 0.21628 
822  0.081271 -1.0533 0.84803 0.028903 0.20029 
823  0.12527 -0.84402 0.70596 0.10149 0.21293 
824  0.087211 -1.0198 0.83459 0.045928 0.20293 
825  0.11145 -0.90160 0.76452 -0.087453 0.18623 
826  0.10215 -0.94396 0.79871 -0.072151 0.18766 
827  0.078861 -1.0675 0.85385 0.035570 0.20106 
828  0.073271 -1.1020 0.86648 0.026522 0.19944 
829  0.12238 -0.85559 0.72377 -0.10768 0.18438 
830  0.12316 -0.85245 0.71667 0.097452 0.21240 
831  0.13398 -0.81048 0.65837 -0.12368 0.18305 
832  0.072071 -1.1098 0.86931 -0.019942 0.19281 
833  0.11283 -0.89558 0.75750 -0.089216 0.18610 
834  0.61746 0.20792 0.16466 0.86770 0.35673 
835  0.075131 -1.0903 0.86143 -0.027793 0.19205 
836  0.11114 -0.90296 0.76563 -0.087596 0.18621 
837  0.071041 -1.1165 0.87156 -0.019051 0.19295 
838  0.072741 -1.1054 0.86768 0.027494 0.19950 
839  0.065811 -1.1521 0.87890 -0.0068331 0.19434 
840  0.099101 -0.95860 0.80496 0.061230 0.20582 
841  0.12291 -0.85345 0.71867 -0.10663 0.18444 
842  0.084881 -1.0327 0.83941 -0.046630 0.19002 
843  0.070231 -1.1218 0.87331 0.013346 0.19747 
844  0.34606 -0.27638 0.34361 0.44072 0.27650 
845  0.14460 -0.77200 0.58265 -0.15014 0.18108 
846  0.068391 -1.1342 0.87604 0.0084538 0.19672 
847  0.068101 -1.1362 0.87660 -0.012719 0.19367 
848  0.086061 -1.0261 0.83651 0.039399 0.20207 
849  0.075741 -1.0865 0.86073 -0.030884 0.19161 
850  0.12999 -0.82561 0.68204 -0.12009 0.18338 
851  0.11463 -0.88782 0.75108 -0.094898 0.18548 
852  0.083481 -1.0406 0.84291 -0.011156 0.19486 
853  0.082541 -1.0459 0.84481 -0.028498 0.19229 
854  0.067381 -1.1412 0.87720 -0.010050 0.19399 
855  0.094461 -0.98165 0.81738 0.041401 0.20300 
856  0.24679 -0.48458 0.41067 0.28371 0.24699 
857  0.095151 -0.97816 0.81577 0.042295 0.20312 
858  0.079821 -1.0618 0.85215 0.029366 0.20020 
859  0.074161 -1.0964 0.86407 -0.024107 0.19236 
860  0.064001 -1.1651 0.88076 -0.0010611 0.19506 
861  0.078901 -1.0672 0.85377 -0.021814 0.19308 
862  0.12123 -0.86026 0.72916 -0.10289 0.18482 
863  0.12084 -0.86185 0.73031 -0.10189 0.18494 
864  0.095391 -0.97695 0.81477 -0.059837 0.18875 
865  0.12265 -0.85450 0.72126 -0.10896 0.18456 
866  0.073011 -1.1037 0.86703 0.0049966 0.19638 
867  0.089091 -1.0096 0.83092 -0.028802 0.19278 
868  0.076151 -1.0839 0.86002 -0.033658 0.19097 
869  0.12116 -0.86055 0.72974 0.10279 0.21359 
870  0.082721 -1.0449 0.84444 -0.0083029 0.19522 
871  0.069831 -1.1245 0.87405 0.0031332 0.19608 
872  0.065991 -1.1509 0.87874 -0.0079872 0.19420 
873  0.087581 -1.0178 0.83379 -0.040671 0.19104 
874  0.074341 -1.0952 0.86359 -0.00052792 0.19574 
875  0.085511 -1.0292 0.83782 -0.032533 0.19202 
876  0.39052 -0.19331 0.29878 -0.60174 0.14269 
877  0.087431 -1.0186 0.83402 0.042866 0.20263 
878  0.082531 -1.0460 0.84490 0.0015998 0.19652 
879  0.13510 -0.80631 0.65092 0.11357 0.21506 
880  0.072151 -1.1092 0.86905 0.022554 0.19886 
881  0.092431 -0.99206 0.82266 -0.056074 0.18912 
882  0.082941 -1.0436 0.84378 -0.039553 0.19070 
883  0.081981 -1.0491 0.84690 -0.039481 0.19073 
884  0.073181 -1.1026 0.86670 0.0093228 0.19705 
885  0.076501 -1.0818 0.85929 0.020844 0.19878 
886  0.073431 -1.1010 0.86603 -0.023573 0.19242 
887  0.077731 -1.0743 0.85718 0.021787 0.19910 
888  0.065481 -1.1545 0.87915 0.016878 0.19774 
889  0.064931 -1.1584 0.87948 0.0026801 0.19566 
890  0.12343 -0.85136 0.71531 -0.10928 0.18429 
891  0.13321 -0.81337 0.66307 -0.12529 0.18286 
892  0.071491 -1.1135 0.87063 0.015791 0.19781 
893  0.12243 -0.85539 0.72315 -0.10465 0.18460 
894  0.074811 -1.0923 0.86244 -0.022723 0.19256 
895  0.078201 -1.0714 0.85584 -0.023682 0.19280 
896  0.074941 -1.0915 0.86213 -0.024982 0.19238 
897  0.095591 -0.97595 0.81359 -0.061440 0.18867 
898  0.093401 -0.98706 0.82076 0.057994 0.20498 
899  0.087871 -1.0162 0.83332 -0.038465 0.19136 
900  0.077461 -1.0759 0.85739 0.030050 0.20014 
901  0.15202 -0.74648 0.55681 0.14315 0.22073 
902  0.081231 -1.0535 0.84812 -0.035697 0.19114 
903  0.079821 -1.0618 0.85215 -0.036174 0.19106 
904  0.089041 -1.0099 0.83104 0.047704 0.20347 
905  0.084801 -1.0331 0.83972 0.042299 0.20228 
906  0.40068 -0.17485 0.29269 0.53262 0.29383 
907  0.11475 -0.88731 0.75064 -0.092326 0.18574 
908  0.087131 -1.0202 0.83482 0.042972 0.20253 
909  0.064381 -1.1623 0.88028 0.010264 0.19671 
910  0.086781 -1.0222 0.83550 -0.036441 0.19156 
911  0.083201 -1.0421 0.84320 0.042433 0.20220 
912  0.11555 -0.88390 0.74743 0.088238 0.21047 
913  0.095691 -0.97545 0.81325 0.043724 0.20337 
914  0.070891 -1.1175 0.87190 0.019357 0.19842 
915  0.088691 -1.0118 0.83165 -0.049822 0.18974 
916  0.10747 -0.91933 0.78202 -0.081520 0.18675 
917  0.12308 -0.85277 0.71734 -0.10549 0.18458 
918  0.13572 -0.80401 0.64432 -0.13165 0.18239 
919  0.068271 -1.1351 0.87634 -0.011039 0.19394 
920  0.074731 -1.0928 0.86274 0.028420 0.19983 
921  0.086341 -1.0246 0.83595 -0.047453 0.18994 
922  0.21244 -0.56904 0.45792 -0.27250 0.17020 
923  0.54827 0.084108 0.18582 0.73441 0.33142 
924  0.095961 -0.97409 0.81256 -0.061180 0.18855 
925  0.070821 -1.1179 0.87204 0.014524 0.19765 
926  0.089841 -1.0056 0.82879 -0.047111 0.19008 
927  0.077741 -1.0742 0.85711 -0.018115 0.19347 
928  0.079361 -1.0645 0.85277 -0.030951 0.19165 
929  0.064551 -1.1611 0.88012 -0.0091994 0.19402 
930  0.073191 -1.1025 0.86664 0.023860 0.19907 
931  0.067651 -1.1393 0.87694 0.022373 0.19860 
932  0.069751 -1.1251 0.87436 -0.018028 0.19305 
933  0.068141 -1.1359 0.87651 -0.0088763 0.19421 
934  0.083091 -1.0428 0.84340 0.043696 0.20241 
935  0.070441 -1.1205 0.87290 0.014852 0.19771 
936  0.069471 -1.1269 0.87477 -0.014390 0.19353 
937  0.088251 -1.0142 0.83261 -0.049559 0.18971 
938  0.088161 -1.0146 0.83285 -0.048747 0.18977 
939  0.096721 -0.97030 0.81097 -0.064146 0.18839 
940  0.073981 -1.0975 0.86454 0.020341 0.19863 
941  0.066361 -1.1483 0.87833 -0.011123 0.19380 
942  0.094261 -0.98267 0.81769 0.041984 0.20310 
943  0.078771 -1.0680 0.85400 0.022159 0.19920 
944  0.078631 -1.0688 0.85437 0.023454 0.19943 
945  0.066611 -1.1465 0.87804 -0.0059812 0.19455 
946  0.072841 -1.1048 0.86725 -0.0010313 0.19554 
947  0.084731 -1.0335 0.84023 -0.045824 0.18990 
948  0.10883 -0.91321 0.77942 -0.082529 0.18666 
949  0.072721 -1.1056 0.86784 0.023588 0.19899 
950  0.072151 -1.1092 0.86905 0.025082 0.19919 
951  0.073431 -1.1010 0.86603 -0.0098538 0.19437 
952  0.073571 -1.1001 0.86569 -0.026938 0.19190 
953  0.46987 -0.052396 0.23257 0.63601 0.31316 
954  0.069091 -1.1295 0.87543 0.017599 0.19803 
955  0.083641 -1.0396 0.84253 -0.0052968 0.19561 
956  0.10235 -0.94301 0.79827 -0.071710 0.18772 
957  0.098791 -0.96011 0.80555 -0.066464 0.18815 
958  0.096031 -0.97374 0.81239 -0.062199 0.18856 
959  0.13105 -0.82155 0.67609 -0.12290 0.18314 
960  0.064871 -1.1588 0.87964 -0.010015 0.19390 
961  0.073661 -1.0995 0.86541 -0.0082822 0.19460 
962  0.094171 -0.98313 0.81832 -0.059773 0.18873 
963  0.089091 -1.0096 0.83092 0.051444 0.20385 
964  0.073341 -1.1016 0.86637 -0.0057332 0.19493 
965  0.069901 -1.1240 0.87391 0.013226 0.19742 
966  0.074311 -1.0954 0.86383 0.018856 0.19844 
967  0.094151 -0.98323 0.81848 -0.059025 0.18891 
968  0.064161 -1.1639 0.88056 0.015203 0.19742 
969  0.076221 -1.0835 0.85976 0.025257 0.19943 
970  0.60533 0.18575 0.17143 0.84155 0.35169 
971  0.063501 -1.1687 0.88119 0.0048249 0.19589 
972  0.068211 -1.1355 0.87643 -0.010501 0.19399 
973  0.11495 -0.88645 0.74973 0.088870 0.21082 
974  0.077341 -1.0766 0.85767 0.027188 0.19978 
975  0.071701 -1.1122 0.87023 -0.023095 0.19244 
976  0.073121 -1.1030 0.86681 -0.023398 0.19247 
977  0.085341 -1.0301 0.83835 0.049105 0.20337 
978  0.069551 -1.1264 0.87472 -0.014666 0.19344 
979  0.15544 -0.73506 0.54363 0.14263 0.22051 
980  0.32507 -0.31728 0.34904 0.40091 0.26894 
981  0.13685 -0.79984 0.63142 -0.13718 0.18203 
982  0.11294 -0.89510 0.75709 0.083229 0.20953 
983  0.10085 -0.95015 0.80086 -0.067220 0.18808 
984  0.097951 -0.96422 0.80767 -0.066490 0.18809 
985  0.11251 -0.89697 0.75912 0.082152 0.20934 
986  0.11069 -0.90494 0.76814 -0.086693 0.18622 
987  0.11237 -0.89758 0.75992 -0.089178 0.18603 
988  0.14090 -0.78513 0.61362 -0.14234 0.18152 
989  0.16887 -0.69211 0.52053 -0.19147 0.17725 
990  0.066011 -1.1507 0.87870 -0.00095739 0.19525 
991  0.10344 -0.93789 0.79465 -0.073986 0.18740 
992  0.093551 -0.98630 0.82001 0.057878 0.20493 
993  0.092551 -0.99144 0.82237 0.056968 0.20475 
994  0.10539 -0.92883 0.78878 -0.076174 0.18718 
995  0.11183 -0.89993 0.76264 -0.090850 0.18586 
996  0.11059 -0.90538 0.76988 -0.083694 0.18653 
997  0.70218 0.37249 0.12195 0.92967 0.36767 
998  0.11444 -0.88864 0.75241 -0.092258 0.18569 
999  0.12755 -0.83506 0.69387 -0.11602 0.18362 
1000  0.064361 -1.1625 0.88032 0.014147 0.19729 
1001  0.066151 -1.1497 0.87857 -0.0084774 0.19421 
1002  0.066211 -1.1493 0.87853 -0.0083472 0.19423 
1003  0.37278 -0.22596 0.31627 0.47589 0.28301 
1004  0.10285 -0.94066 0.79694 0.065866 0.20675 
1005  0.071751 -1.1118 0.87008 0.014205 0.19758 
1006  0.076321 -1.0829 0.85949 -0.029016 0.19192 
1007  0.98883 1.9471 0.0057651 1.6787 0.51039 
1008  0.095191 -0.97796 0.81560 -0.058644 0.18885 
1009  0.098181 -0.96309 0.80729 0.052368 0.20488 
1010  0.11179 -0.90011 0.76340 -0.089977 0.18598 
1011  0.082731 -1.0448 0.84425 -0.029818 0.19217 
1012  0.062711 -1.1745 0.88155 0.0045046 0.19581 
1013  0.12389 -0.84952 0.71254 -0.10780 0.18437 
1014  0.086551 -1.0234 0.83561 -0.047693 0.18994 
1015  0.14882 -0.75736 0.56666 -0.15585 0.18070 
1016  0.072481 -1.1071 0.86843 -0.020387 0.19274 
1017  0.084911 -1.0325 0.83920 -0.032205 0.19195 
1018  0.077821 -1.0737 0.85683 -0.017945 0.19356 
1019  0.064461 -1.1618 0.88020 0.012700 0.19707 
1020  0.087201 -1.0199 0.83471 0.048657 0.20327 
1021  0.093991 -0.98405 0.81925 -0.050195 0.19011 
1022  0.71930 0.40866 0.10793 1.0014 0.38157 
1023  0.090501 -1.0021 0.82683 0.051557 0.20389 
1024  0.10155 -0.94681 0.79958 0.067279 0.20667 
1025  0.10936 -0.91084 0.77670 0.079778 0.20883 
1026  0.59063 0.15919 0.17822 0.80539 0.34477 
1027  0.072111 -1.1095 0.86911 -0.020110 0.19292 
1028  0.074291 -1.0955 0.86389 0.026489 0.19950 
1029  0.072231 -1.1087 0.86885 -0.0049353 0.19509 
1030  0.062821 -1.1737 0.88147 0.0030028 0.19563 
1031  0.13080 -0.82251 0.67811 -0.12440 0.18295 
1032  0.10790 -0.91739 0.78174 0.078317 0.20861 
1033  0.12282 -0.85381 0.71932 -0.10705 0.18454 
1034  0.073231 -1.1023 0.86659 -0.021864 0.19268 
1035  0.081931 -1.0494 0.84716 -0.039915 0.19069 
1036  0.081091 -1.0543 0.84846 -0.038863 0.19087 
1037  0.18619 -0.64056 0.49116 0.19625 0.23069 
1038  0.11068 -0.90498 0.76849 -0.085283 0.18641 
1039  0.074711 -1.0929 0.86287 -0.0012105 0.19571 
1040  0.12771 -0.83443 0.69301 -0.11477 0.18371 
1041  0.070121 -1.1226 0.87359 -0.018422 0.19305 
1042  0.084891 -1.0326 0.83930 0.041250 0.20214 
1043  0.091141 -0.99878 0.82520 -0.053844 0.18941 
1044  0.20936 -0.57708 0.46564 0.23163 0.23735 
1045  0.060181 -1.1936 0.88202 0.0055935 0.19590 
1046  0.062001 -1.1798 0.88186 0.0083953 0.19636 
1047  0.076641 -1.0809 0.85903 -0.031072 0.19156 
1048  0.10194 -0.94496 0.79915 0.067094 0.20665 
1049  0.071921 -1.1107 0.86988 0.016448 0.19795 
1050  0.15006 -0.75312 0.56181 0.13443 0.21892 
1051  0.069791 -1.1248 0.87423 0.024955 0.19909 
1052  0.068351 -1.1345 0.87617 0.0024428 0.19581 
1053  0.12931 -0.82823 0.68583 -0.11561 0.18369 
1054  0.12126 -0.86014 0.72799 -0.10396 0.18471 
1055  0.11279 -0.89575 0.75872 -0.089496 0.18602 
1056  0.10415 -0.93457 0.79252 -0.076480 0.18720 
1057  0.092331 -0.99258 0.82309 0.057457 0.20481 
1058  0.072551 -1.1066 0.86816 0.028308 0.19962 
1059  0.068301 -1.1349 0.87626 -0.016274 0.19314 
1060  0.068691 -1.1322 0.87587 -0.018017 0.19294 
1061  0.13418 -0.80973 0.65471 -0.12602 0.18288 
1062  0.089471 -1.0076 0.82993 -0.051470 0.18949 
1063  0.15542 -0.73513 0.54634 0.15076 0.22225 
1064  0.11164 -0.90076 0.76378 -0.084749 0.18646 
1065  0.096881 -0.96951 0.81080 -0.062688 0.18852 
1066  0.098551 -0.96128 0.80633 -0.064998 0.18826 
1067  0.072481 -1.1071 0.86843 0.019346 0.19847 
1068  0.11302 -0.89475 0.75667 -0.091878 0.18573 
1069  0.11393 -0.89083 0.75414 -0.091467 0.18584 
1070  0.097781 -0.96506 0.80823 -0.066190 0.18806 
1071  0.080961 -1.0551 0.84897 0.00054679 0.19626 
1072  0.084351 -1.0356 0.84084 -0.041344 0.19065 
1073  0.096441 -0.97169 0.81204 -0.061817 0.18862 
1074  0.10732 -0.92001 0.78231 -0.079073 0.18702 
1075  0.078941 -1.0670 0.85370 0.033830 0.20071 
1076  0.099701 -0.95569 0.80232 0.055419 0.20533 
1077  0.11366 -0.89199 0.75457 0.084103 0.20970 
1078  0.11451 -0.88834 0.75197 -0.093994 0.18559 
1079  0.98537 1.8284 0.0067501 1.6314 0.50132 
1080  0.076451 -1.0821 0.85936 -0.029216 0.19171 
1081  0.11104 -0.90340 0.76636 -0.088310 0.18615 
1082  0.68542 0.33822 0.12883 0.95388 0.37269 
1083  0.082361 -1.0470 0.84555 -0.0034583 0.19580 
1084  0.078731 -1.0682 0.85415 0.027631 0.19994 
1085  0.081461 -1.0521 0.84751 0.031052 0.20048 
1086  0.076251 -1.0833 0.85956 -0.030565 0.19158 
1087  0.069211 -1.1287 0.87534 -0.019066 0.19283 
1088  0.081401 -1.0525 0.84777 -0.033930 0.19142 
1089  0.082371 -1.0469 0.84546 -0.028658 0.19232 
1090  0.099691 -0.95574 0.80253 -0.068973 0.18790 
1091  0.094081 -0.98359 0.81894 -0.057382 0.18897 
1092  0.093511 -0.98650 0.82031 -0.055758 0.18918 
1093  0.073921 -1.0979 0.86460 -0.023680 0.19241 
1094  0.10306 -0.93967 0.79535 0.063382 0.20676 
1095  0.088701 -1.0117 0.83153 -0.049018 0.18983 
1096  0.090381 -1.0028 0.82722 -0.050659 0.18960 
1097  0.090861 -1.0003 0.82575 0.053404 0.20421 
1098  0.081981 -1.0491 0.84690 -0.039977 0.19069 
1099  0.10431 -0.93383 0.79203 -0.073700 0.18751 
1100  0.14275 -0.77853 0.59706 -0.14591 0.18127 
1101  0.16172 -0.71462 0.53522 -0.17228 0.17836 
1102  0.11102 -0.90349 0.76672 -0.086444 0.18627 
1103  0.070551 -1.1197 0.87261 0.0078035 0.19669 
1104  0.13676 -0.80017 0.63441 -0.13434 0.18220 
1105  0.070671 -1.1189 0.87243 0.015845 0.19780 
1106  0.088761 -1.0114 0.83141 -0.048976 0.18980 
1107  0.071301 -1.1148 0.87107 0.0091911 0.19692 
1108  0.11720 -0.87693 0.74007 0.091289 0.21166 
1109  0.11038 -0.90631 0.77022 -0.087534 0.18612 
1110  0.069241 -1.1285 0.87530 0.018492 0.19820 
1111  0.077401 -1.0763 0.85760 -0.032970 0.19143 
1112  0.23787 -0.50568 0.42439 0.27689 0.24586 
1113  0.10300 -0.93995 0.79581 0.064868 0.20697 
1114  0.074491 -1.0943 0.86335 -0.025605 0.19217 
1115  0.11016 -0.90728 0.77124 -0.084507 0.18642 
1116  0.99930 3.1546 0.00070001 1.9327 0.55872 
1117  0.10723 -0.92042 0.78259 0.076625 0.20845 
1118  0.17035 -0.68755 0.51433 0.15944 0.22355 
1119  0.082401 -1.0467 0.84536 -0.028072 0.19243 
1120  0.073591 -1.1000 0.86558 0.0052865 0.19652 
1121  0.10531 -0.92920 0.78904 -0.075698 0.18735 
1122  0.090291 -1.0033 0.82736 0.053235 0.20413 
1123  0.078391 -1.0703 0.85504 -0.030768 0.19172 
1124  0.070401 -1.1207 0.87308 -0.013832 0.19366 
1125  0.12293 -0.85337 0.71801 -0.10589 0.18457 
1126  0.072811 -1.1050 0.86736 -0.019020 0.19298 
1127  0.061391 -1.1844 0.88198 0.0074846 0.19618 
1128  0.072631 -1.1061 0.86811 -0.00017739 0.19555 
1129  0.13989 -0.78876 0.61872 -0.13737 0.18188 
1130  0.13177 -0.81881 0.67086 -0.12375 0.18317 
1131  0.12236 -0.85567 0.72438 -0.10529 0.18454 
1132  0.063941 -1.1655 0.88092 0.0063553 0.19619 
1133  0.10893 -0.91276 0.77882 -0.082675 0.18631 
1134  0.065261 -1.1560 0.87927 0.0078929 0.19641 
1135  0.10870 -0.91379 0.77971 -0.080375 0.18694 
1136  0.080501 -1.0578 0.85014 -0.036185 0.19104 
1137  0.073621 -1.0998 0.86546 -0.024930 0.19226 
1138  0.082651 -1.0453 0.84462 0.041709 0.20211 
1139  0.095691 -0.97545 0.81325 0.056014 0.20504 
1140  0.072351 -1.1079 0.86874 -0.028741 0.19161 
1141  0.12266 -0.85446 0.72062 -0.10567 0.18454 
1142  0.082451 -1.0464 0.84518 0.033368 0.20098 
1143  0.082021 -1.0489 0.84654 -0.018250 0.19366 
1144  0.065841 -1.1519 0.87886 -0.0094590 0.19405 
1145  0.093051 -0.98886 0.82135 0.053785 0.20429 
1146  0.070311 -1.1213 0.87327 -0.020163 0.19278 
1147  0.11344 -0.89294 0.75500 0.084552 0.21013 
1148  0.093731 -0.98537 0.81971 -0.056344 0.18916 
1149  0.094661 -0.98064 0.81690 -0.058595 0.18887 
1150  0.11568 -0.88335 0.74648 0.099975 0.21297 
1151  0.073731 -1.0991 0.86512 -0.0075072 0.19473 
1152  0.071561 -1.1131 0.87058 -0.0041076 0.19516 
1153  0.19382 -0.61903 0.48413 0.20938 0.23324 
1154  0.082241 -1.0476 0.84573 -0.037165 0.19100 
1155  0.090101 -1.0043 0.82827 -0.053152 0.18951 
1156  0.26637 -0.43999 0.39129 0.32366 0.25466 
1157  0.75941 0.49919 0.069168 1.0574 0.39201 
1158  0.096671 -0.97055 0.81133 -0.060614 0.18875 
1159  0.11087 -0.90415 0.76779 -0.086364 0.18626 
1160  0.10350 -0.93761 0.79418 -0.075963 0.18722 
1161  0.23442 -0.51399 0.43311 0.26881 0.24433 
1162  0.073661 -1.0995 0.86541 0.019101 0.19845 
1163  0.22584 -0.53502 0.44161 0.25902 0.24251 
1164  0.78976 0.57477 0.041381 1.1040 0.40076 
1165  0.094081 -0.98359 0.81894 -0.049134 0.19030 
1166  0.091351 -0.99768 0.82464 -0.048247 0.19031 
1167  0.085221 -1.0308 0.83856 -0.043895 0.19028 
1168  0.068071 -1.1364 0.87664 0.00065114 0.19565 
1169  0.12696 -0.83736 0.69724 -0.11486 0.18381 
1170  0.40826 -0.16119 0.28656 0.48264 0.28370 
1171  0.097231 -0.96777 0.80971 -0.063298 0.18848 
1172  0.084481 -1.0349 0.84054 -0.030644 0.19213 
1173  0.072051 -1.1099 0.86942 0.016694 0.19797 
1174  0.094931 -0.97927 0.81642 -0.060558 0.18869 
1175  0.099591 -0.95622 0.80294 0.068060 0.20732 
1176  0.075041 -1.0908 0.86175 -0.026052 0.19209 
1177  0.083921 -1.0381 0.84194 -0.041939 0.19042 
1178  0.074791 -1.0924 0.86256 0.024382 0.19925 
1179  0.10109 -0.94900 0.80022 0.067932 0.20735 
1180  0.99545 2.3400 0.0023967 1.7248 0.51929 
1181  0.071071 -1.1163 0.87146 -0.018055 0.19314 
1182  0.10702 -0.92137 0.78343 0.077222 0.20844 
1183  0.067411 -1.1410 0.87715 -0.0038181 0.19492 
1184  0.071321 -1.1147 0.87093 -0.0051247 0.19492 
1185  0.12817 -0.83264 0.69213 0.10359 0.21323 
1186  0.092821 -0.99005 0.82194 -0.055120 0.18936 
1187  0.10018 -0.95337 0.80191 -0.068061 0.18800 
1188  0.091491 -0.99695 0.82408 -0.052401 0.18946 
1189  0.074231 -1.0959 0.86395 -0.0089085 0.19457 
1190  0.079201 -1.0654 0.85308 -0.032345 0.19159 
1191  0.11646 -0.88004 0.74309 -0.098250 0.18532 
1192  0.074321 -1.0954 0.86371 -0.024042 0.19242 
1193  0.069631 -1.1259 0.87468 0.012900 0.19734 
1194  0.12124 -0.86022 0.72858 -0.10483 0.18468 
1195  0.10182 -0.94553 0.79936 -0.069756 0.18781 
1196  0.077591 -1.0751 0.85725 0.032472 0.20053 
1197  0.091161 -0.99868 0.82492 -0.053626 0.18931 
1198  0.071581 -1.1129 0.87053 -0.021510 0.19265 
1199  0.11715 -0.87714 0.74058 -0.097492 0.18530 
1200  0.10043 -0.95217 0.80149 0.056601 0.20553 
1201  0.073821 -1.0985 0.86495 -0.0046760 0.19514 
1202  0.068141 -1.1359 0.87651 0.019862 0.19827 
1203  0.075851 -1.0858 0.86054 0.033136 0.20054 
1204  0.10472 -0.93192 0.79005 -0.075242 0.18736 
1205  0.10923 -0.91142 0.77762 -0.083472 0.18675 
1206  0.10549 -0.92837 0.78827 -0.080468 0.18642 
1207  0.094081 -0.98359 0.81894 0.061401 0.20581 
1208  0.14167 -0.78237 0.60652 -0.14374 0.18140 
1209  0.064841 -1.1590 0.87968 0.0066029 0.19627 
1210  0.15578 -0.73394 0.54087 -0.17089 0.17945 
1211  0.10595 -0.92626 0.78643 0.073792 0.20799 
1212  0.092121 -0.99367 0.82338 0.055989 0.20462 
1213  0.10816 -0.91622 0.78088 -0.079187 0.18700 
1214  0.11632 -0.88064 0.74359 -0.097462 0.18533 
1215  0.12554 -0.84295 0.70520 -0.11249 0.18404 
1216  0.064341 -1.1626 0.88036 0.011633 0.19687 
1217  0.13011 -0.82515 0.68107 -0.11985 0.18334 
1218  0.12127 -0.86010 0.72740 -0.10331 0.18471 
1219  0.075641 -1.0871 0.86080 -0.013955 0.19399 
1220  0.066811 -1.1451 0.87787 -0.010651 0.19388 
1221  0.065951 -1.1512 0.87878 -0.0034380 0.19486 
1222  0.089381 -1.0081 0.83005 0.051862 0.20388 
1223  0.066791 -1.1453 0.87795 0.017141 0.19778 
1224  0.064641 -1.1605 0.88000 -0.0068629 0.19432 
1225  0.071741 -1.1119 0.87013 0.015652 0.19787 
1226  0.094241 -0.98277 0.81785 0.059012 0.20508 
1227  0.10083 -0.95025 0.80107 -0.069780 0.18783 
1228  0.13099 -0.82178 0.67711 -0.12155 0.18321 
1229  0.11510 -0.88581 0.74882 -0.091955 0.18574 
1230  0.073861 -1.0983 0.86483 -0.011860 0.19411 
1231  0.070771 -1.1183 0.87219 0.0068963 0.19657 
1232  0.095011 -0.97887 0.81609 0.058246 0.20504 
1233  0.077511 -1.0756 0.85732 0.032535 0.20057 
1234  0.12322 -0.85220 0.71600 0.095628 0.21184 
1235  0.066371 -1.1482 0.87828 -0.0090383 0.19406 
1236  0.11685 -0.87840 0.74210 -0.097906 0.18523 
1237  0.082811 -1.0444 0.84406 -0.040917 0.19063 
1238  0.082071 -1.0486 0.84627 0.0065171 0.19717 
1239  0.10463 -0.93234 0.79080 -0.075058 0.18740 
1240  0.19782 -0.60800 0.47692 -0.24429 0.17254 
1241  0.41644 -0.14653 0.27384 0.54741 0.29650 
1242  0.091151 -0.99873 0.82506 -0.054772 0.18930 
1243  0.090191 -1.0038 0.82801 -0.052492 0.18953 
1244  0.063391 -1.1695 0.88123 0.0081197 0.19639 
1245  0.074061 -1.0970 0.86430 0.010355 0.19718 
1246  0.12857 -0.83109 0.69037 0.10896 0.21440 
1247  0.065441 -1.1548 0.87919 0.0010436 0.19546 
1248  0.070451 -1.1204 0.87280 -0.018164 0.19305 
1249  0.067681 -1.1391 0.87690 0.016608 0.19777 
1250  0.097171 -0.96807 0.80989 0.062286 0.20600 
1251  0.061891 -1.1806 0.88190 0.0078733 0.19626 
1252  0.10832 -0.91550 0.78059 -0.083815 0.18653 
1253  0.62436 0.22066 0.15061 0.94292 0.37118 
1254  0.068241 -1.1353 0.87639 0.0087407 0.19669 
1255  0.40829 -0.16113 0.28033 0.59188 0.30531 
1256  0.087421 -1.0187 0.83413 -0.051108 0.18966 
1257  0.072801 -1.1050 0.86746 0.0033193 0.19619 
1258  0.092361 -0.99242 0.82295 -0.054796 0.18926 
1259  0.097811 -0.96491 0.80804 -0.065243 0.18830 
1260  0.063741 -1.1670 0.88112 0.0028105 0.19567 
1261  0.081521 -1.0518 0.84742 -0.036157 0.19114 
1262  0.081081 -1.0544 0.84855 -0.023766 0.19288 
1263  0.081331 -1.0529 0.84786 -0.039180 0.19080 
1264  0.072021 -1.1101 0.86957 0.0047352 0.19636 
1265  0.12593 -0.84141 0.70210 -0.11058 0.18415 
1266  0.61754 0.20807 0.15785 0.83943 0.35111 
1267  0.11338 -0.89320 0.75542 0.084362 0.21040 
1268  0.28328 -0.40313 0.37609 0.34526 0.25862 
1269  0.12627 -0.84007 0.70130 -0.11396 0.18383 
1270  0.064121 -1.1642 0.88060 0.0055877 0.19605 
1271  0.080851 -1.0557 0.84939 -0.038024 0.19090 
1272  0.066581 -1.1467 0.87808 -0.0076670 0.19426 
1273  0.072441 -1.1074 0.86848 -0.021903 0.19263 
1274  0.074081 -1.0969 0.86419 0.030791 0.20011 
1275  0.12842 -0.83167 0.69126 -0.11630 0.18387 
1276  0.070931 -1.1172 0.87180 0.021802 0.19870 
1277  0.091841 -0.99513 0.82380 0.054435 0.20430 
1278  0.084831 -1.0329 0.83961 0.044022 0.20253 
1279  0.10133 -0.94786 0.80001 -0.071949 0.18764 
1280  0.081191 -1.0537 0.84829 -0.027731 0.19243 
1281  0.095561 -0.97610 0.81393 0.059787 0.20529 
1282  0.079501 -1.0637 0.85254 0.033490 0.20076 
1283  0.12052 -0.86316 0.73145 -0.10297 0.18479 
1284  0.073851 -1.0983 0.86489 -0.015715 0.19357 
1285  0.076831 -1.0797 0.85862 0.013168 0.19789 
1286  0.98306 1.7637 0.0085164 1.6192 0.49897 
1287  0.12138 -0.85965 0.72681 -0.10452 0.18471 
1288  0.085931 -1.0268 0.83706 -0.029956 0.19236 
1289  0.068441 -1.1339 0.87600 -0.0035881 0.19493 
1290  0.096921 -0.96931 0.81044 -0.065189 0.18821 
1291  0.092381 -0.99232 0.82281 -0.055719 0.18912 
1292  0.082521 -1.0460 0.84500 -0.041512 0.19053 
1293  0.078031 -1.0725 0.85613 0.036103 0.20109 
1294  0.081181 -1.0538 0.84838 -0.027169 0.19244 
1295  0.073891 -1.0981 0.86471 -0.025314 0.19219 
1296  0.071361 -1.1144 0.87078 0.020064 0.19847 
1297  0.12347 -0.85120 0.71463 -0.10741 0.18439 
1298  0.091371 -0.99758 0.82450 0.055169 0.20462 
1299  0.099571 -0.95632 0.80335 -0.064100 0.18835 
1300  0.075771 -1.0863 0.86067 -0.012405 0.19411 
1301  0.076781 -1.0801 0.85869 0.011616 0.19750 
1302  0.085181 -1.0310 0.83878 -0.044371 0.19022 
1303  0.090651 -1.0014 0.82615 -0.045691 0.19055 
1304  0.081011 -1.0548 0.84872 0.043017 0.20223 
1305  0.071881 -1.1110 0.86998 -0.021634 0.19263 
1306  0.080591 -1.0572 0.84989 0.035825 0.20117 
1307  0.14536 -0.76933 0.57372 0.12780 0.21773 
1308  0.084711 -1.0336 0.84033 -0.041384 0.19058 
1309  0.072691 -1.1057 0.86795 -0.020123 0.19282 
1310  0.10719 -0.92060 0.78287 -0.080064 0.18685 
1311  0.079331 -1.0647 0.85293 -0.034424 0.19124 
1312  0.077061 -1.0783 0.85815 -0.030803 0.19165 
1313  0.092931 -0.98948 0.82150 0.040422 0.20280 
1314  0.071591 -1.1129 0.87048 0.026585 0.19945 
1315  0.070681 -1.1189 0.87238 0.0010489 0.19573 
1316  0.065531 -1.1541 0.87907 -0.0078224 0.19423 
1317  0.075531 -1.0878 0.86112 0.022262 0.19914 
1318  0.10217 -0.94387 0.79849 -0.073131 0.18752 
1319  0.070981 -1.1169 0.87171 0.0084870 0.19679 
1320  0.076151 -1.0839 0.86002 -0.026761 0.19215 
1321  0.14402 -0.77404 0.58901 -0.14328 0.18140 
1322  0.11226 -0.89806 0.76110 -0.088676 0.18604 
1323  0.092791 -0.99020 0.82208 0.055035 0.20445 
1324  0.11066 -0.90507 0.76884 -0.086914 0.18619 
1325  0.10960 -0.90977 0.77515 -0.085596 0.18639 
1326  0.077331 -1.0767 0.85774 -0.032206 0.19156 
1327  0.084141 -1.0368 0.84134 -0.040558 0.19063 
1328  0.071131 -1.1159 0.87137 0.0032167 0.19610 
1329  0.071181 -1.1156 0.87122 0.011595 0.19718 
1330  0.078551 -1.0693 0.85452 0.018323 0.19871 
1331  0.072931 -1.1042 0.86719 0.026598 0.19949 
1332  0.072021 -1.1101 0.86957 -0.016553 0.19328 
1333  0.74769 0.47178 0.085802 1.0363 0.38804 
1334  0.069311 -1.1280 0.87495 0.024104 0.19893 
1335  0.077001 -1.0787 0.85835 -0.034644 0.19108 
1336  0.085151 -1.0312 0.83888 -0.039400 0.19102 
1337  0.085801 -1.0275 0.83749 -0.038969 0.19103 
1338  0.072431 -1.1074 0.86853 -0.0092928 0.19442 
1339  0.074951 -1.0914 0.86206 0.025338 0.19940 
1340  0.071351 -1.1145 0.87083 0.022960 0.19894 
1341  0.16620 -0.70043 0.52357 0.16440 0.22481 
1342  0.064611 -1.1607 0.88004 -0.00077563 0.19518 
1343  0.071671 -1.1124 0.87033 0.020142 0.19850 
1344  0.071671 -1.1124 0.87033 0.019977 0.19849 
1345  0.070481 -1.1202 0.87276 0.0071974 0.19663 
1346  0.10979 -0.90892 0.77451 -0.084636 0.18640 
1347  0.16482 -0.70476 0.53237 0.16504 0.22496 
1348  0.074721 -1.0928 0.86280 -0.014211 0.19388 
1349  0.11333 -0.89341 0.75584 -0.085943 0.18638 
1350  0.075231 -1.0896 0.86137 -0.022226 0.19269 
1351  0.087451 -1.0185 0.83390 -0.050325 0.18971 
1352  0.073001 -1.1038 0.86708 -0.0015990 0.19552 
1353  0.13369 -0.81157 0.66075 -0.12727 0.18277 
1354  0.099521 -0.95656 0.80356 -0.066051 0.18816 
1355  0.74803 0.47256 0.077873 1.0397 0.38872 
1356  0.079841 -1.0616 0.85192 0.030342 0.20044 
1357  0.064941 -1.1583 0.87944 0.011207 0.19686 
1358  0.070691 -1.1188 0.87233 0.0067020 0.19657 
1359  0.075561 -1.0876 0.86099 -0.026360 0.19218 
1360  0.071171 -1.1156 0.87127 0.016349 0.19789 
1361  0.14523 -0.76979 0.57601 0.13344 0.21895 
1362  0.090241 -1.0035 0.82749 0.051283 0.20382 
1363  0.082001 -1.0490 0.84672 -0.026473 0.19255 
1364  0.099641 -0.95598 0.80274 -0.067280 0.18812 
1365  0.093451 -0.98681 0.82046 -0.056830 0.18912 
1366  0.073381 -1.1013 0.86614 -0.022634 0.19257 
1367  0.067211 -1.1423 0.87749 -0.0016249 0.19515 
1368  0.11091 -0.90397 0.76743 -0.086940 0.18626 
1369  0.069771 -1.1249 0.87427 0.00075638 0.19562 
1370  0.068711 -1.1321 0.87582 0.0048883 0.19622 
1371  0.082051 -1.0487 0.84636 0.040403 0.20192 
1372  0.084871 -1.0327 0.83951 0.045711 0.20277 
1373  0.081941 -1.0494 0.84707 -0.034801 0.19140 
1374  0.10854 -0.91451 0.78000 -0.083961 0.18645 
1375  0.13281 -0.81488 0.66422 -0.12555 0.18291 
1376  0.083771 -1.0389 0.84213 0.041273 0.20208 
1377  0.067061 -1.1434 0.87774 -0.011365 0.19381 
1378  0.064531 -1.1613 0.88016 0.014749 0.19734 
1379  0.074831 -1.0921 0.86231 0.025778 0.19943 
1380  0.079041 -1.0664 0.85339 -0.029231 0.19202 
1381  0.075001 -1.0911 0.86200 0.024914 0.19930 
1382  0.072751 -1.1054 0.86763 0.016424 0.19798 
1383  0.78510 0.56268 0.051021 1.0896 0.39802 
1384  0.11147 -0.90151 0.76415 -0.086609 0.18623 
1385  0.095001 -0.97892 0.81625 -0.058767 0.18894 
1386  0.10480 -0.93155 0.78980 -0.074976 0.18735 
1387  0.080621 -1.0570 0.84973 -0.035729 0.19114 
1388  0.069281 -1.1282 0.87521 0.013342 0.19741 
1389  0.10254 -0.94212 0.79805 -0.072602 0.18749 
1390  0.095231 -0.97776 0.81544 -0.063745 0.18832 
1391  0.072541 -1.1067 0.86822 -0.0022763 0.19541 
1392  0.089091 -1.0096 0.83092 -0.050954 0.18961 
1393  0.13984 -0.78894 0.62037 -0.14072 0.18157 
1394  0.070321 -1.1212 0.87318 0.011429 0.19720 
1395  0.072071 -1.1098 0.86931 -0.0087081 0.19448 
1396  0.069051 -1.1298 0.87547 -0.016073 0.19322 
1397  0.073661 -1.0995 0.86541 -0.025568 0.19219 
1398  0.10098 -0.94953 0.80065 -0.069477 0.18804 
1399  0.36810 -0.23468 0.32190 0.47092 0.28211 
1400  0.17884 -0.66196 0.50789 0.18585 0.22882 
1401  0.089481 -1.0076 0.82980 -0.043725 0.19070 
1402  0.069291 -1.1281 0.87508 0.018177 0.19810 
1403  0.067901 -1.1376 0.87681 -0.0079201 0.19428 
1404  0.98401 1.7891 0.0076741 1.6166 0.49846 
1405  0.078321 -1.0707 0.85533 0.029560 0.20015 
1406  0.63686 0.24396 0.14310 0.85939 0.35475 
1407  0.084591 -1.0343 0.84043 -0.012633 0.19476 
1408  0.11486 -0.88684 0.75018 -0.092810 0.18576 
1409  0.070601 -1.1194 0.87257 -0.017407 0.19317 
1410  0.12054 -0.86308 0.73089 -0.10348 0.18478 
1411  0.079811 -1.0618 0.85231 -0.0016319 0.19597 
1412  0.080881 -1.0555 0.84931 -0.00028231 0.19618 
1413  0.085961 -1.0267 0.83662 -0.034552 0.19172 
1414  0.074381 -1.0950 0.86347 0.018386 0.19834 
1415  0.19184 -0.62455 0.48765 0.20635 0.23257 
1416  0.10579 -0.92699 0.78775 -0.077902 0.18703 
1417  0.069021 -1.1300 0.87552 -0.018986 0.19286 
1418  0.074501 -1.0942 0.86329 -0.026251 0.19206 
1419  0.083261 -1.0418 0.84311 -0.045294 0.18975 
1420  0.095231 -0.97776 0.81544 -0.058787 0.18899 
1421  0.092441 -0.99201 0.82252 -0.055469 0.18930 
1422  0.22846 -0.52854 0.43740 0.25834 0.24225 
1423  0.087851 -1.0163 0.83344 -0.047376 0.18998 
1424  0.10290 -0.94042 0.79649 0.071306 0.20785 
1425  0.079041 -1.0664 0.85339 -0.032225 0.19163 
1426  0.069941 -1.1238 0.87387 -0.016634 0.19316 
1427  0.078331 -1.0706 0.85526 -0.024654 0.19273 
1428  0.064811 -1.1593 0.87972 -0.0045087 0.19473 
1429  0.10273 -0.94122 0.79739 -0.071231 0.18776 
