    prob  log10(PO)   qval  alpha  fst
1  0.0871909 -1.01991 0.898614 -0.025038 0.020746 
2  0.085711 -1.0280 0.90565 -0.018525 0.020852 
3  0.086651 -1.0229 0.90154 -0.022813 0.020748 
4  0.087941 -1.0158 0.89268 -0.021591 0.020798 
5  0.086741 -1.0224 0.90102 -0.024676 0.020709 
6  0.088091 -1.0150 0.89173 0.0032468 0.021485 
7  0.084781 -1.0332 0.90721 -0.014822 0.020937 
8  0.087571 -1.0178 0.89604 -0.027108 0.020668 
9  0.085511 -1.0292 0.90611 -0.024249 0.020734 
10  0.092151 -0.99351 0.87355 0.018726 0.022027 
11  0.087781 -1.0167 0.89398 0.011355 0.021686 
12  0.089201 -1.0091 0.88532 0.010984 0.021684 
13  0.086701 -1.0226 0.90121 -0.024410 0.020728 
14  0.086241 -1.0251 0.90381 -0.024100 0.020730 
15  0.086331 -1.0246 0.90340 -0.022275 0.020775 
16  0.088651 -1.0120 0.88843 0.011474 0.021763 
17  0.085581 -1.0288 0.90595 0.013243 0.021649 
18  0.085291 -1.0304 0.90651 -0.0053737 0.021159 
19  0.086991 -1.0210 0.89996 -0.024965 0.020711 
20  0.089531 -1.0073 0.88326 0.0015236 0.021535 
21  0.085241 -1.0307 0.90663 -0.021872 0.020789 
22  0.086411 -1.0242 0.90305 -0.020887 0.020811 
23  0.090161 -1.0039 0.88001 0.018483 0.021938 
24  0.087471 -1.0184 0.89674 -0.021509 0.020782 
25  0.084511 -1.0347 0.90747 -0.014926 0.020927 
26  0.086761 -1.0223 0.90095 -0.026643 0.020666 
27  0.087021 -1.0208 0.89983 -0.023454 0.020772 
28  0.086411 -1.0242 0.90305 -0.021805 0.020793 
29  0.084511 -1.0347 0.90747 -0.029714 0.020541 
30  0.086781 -1.0222 0.90087 -6.3985e-05 0.021400 
31  0.084441 -1.0351 0.90754 -0.018821 0.020835 
32  0.088471 -1.0130 0.88936 -0.025817 0.020733 
33  0.088111 -1.0149 0.89163 -0.028178 0.020642 
34  0.087711 -1.0171 0.89478 -0.027633 0.020671 
35  0.17390 -0.67673 0.63291 0.18362 0.029715 
36  0.088181 -1.0145 0.89103 -0.026457 0.020688 
37  0.085591 -1.0287 0.90592 -0.011185 0.021026 
38  0.096491 -0.97145 0.85641 0.032114 0.022507 
39  0.084901 -1.0326 0.90709 -0.012257 0.021016 
40  0.091461 -0.99711 0.87585 0.013165 0.021855 
41  0.084551 -1.0345 0.90741 -0.023484 0.020734 
42  0.086441 -1.0240 0.90288 -0.0053226 0.021198 
43  0.086471 -1.0239 0.90273 -0.026514 0.020676 
44  0.095851 -0.97464 0.85885 0.029022 0.022377 
45  0.087611 -1.0176 0.89563 -0.028035 0.020684 
46  0.086991 -1.0210 0.89996 -0.017487 0.020904 
47  0.095431 -0.97675 0.86108 0.033500 0.022487 
48  0.086731 -1.0224 0.90103 -0.028390 0.020640 
49  0.085421 -1.0297 0.90620 -0.015101 0.020977 
50  0.086081 -1.0260 0.90435 -0.027261 0.020657 
51  0.086871 -1.0217 0.90054 -0.024847 0.020709 
52  0.087681 -1.0172 0.89516 -0.017088 0.020955 
53  0.088401 -1.0133 0.88980 0.015409 0.021827 
54  0.085291 -1.0304 0.90651 -0.0057809 0.021193 
55  0.085241 -1.0307 0.90663 -0.014023 0.020962 
56  0.11244 -0.89727 0.80921 0.068812 0.023954 
57  0.085321 -1.0302 0.90644 -0.020452 0.020809 
58  0.085301 -1.0303 0.90648 2.0652e-05 0.021299 
59  0.087571 -1.0178 0.89604 -0.010171 0.021115 
60  0.085911 -1.0269 0.90499 -0.015402 0.020955 
61  0.087101 -1.0204 0.89916 0.0044482 0.021517 
62  0.086701 -1.0226 0.90121 -0.021717 0.020758 
63  0.11832 -0.87225 0.78825 0.082757 0.024645 
64  0.085901 -1.0270 0.90503 -0.011159 0.021038 
65  0.090141 -1.0041 0.88014 0.011746 0.021762 
66  0.088991 -1.0102 0.88649 0.017388 0.021909 
67  0.085831 -1.0274 0.90529 -0.026317 0.020683 
68  0.088251 -1.0142 0.89064 -0.021356 0.020826 
69  0.084581 -1.0343 0.90738 -0.011534 0.021033 
70  0.091971 -0.99445 0.87407 0.011652 0.021775 
71  0.10381 -0.93616 0.83362 0.053968 0.023286 
72  0.092131 -0.99362 0.87372 0.025317 0.022188 
73  0.087061 -1.0206 0.89940 -0.026487 0.020710 
74  0.17022 -0.68795 0.66544 0.18349 0.030770 
75  0.096021 -0.97379 0.85817 0.024064 0.022367 
76  0.086371 -1.0244 0.90322 -0.025135 0.020700 
77  0.089611 -1.0069 0.88285 0.0070753 0.021604 
78  0.088901 -1.0107 0.88689 -0.028058 0.020671 
79  0.12127 -0.86010 0.77477 0.083263 0.024668 
80  0.088721 -1.0116 0.88794 -0.027026 0.020678 
81  0.087251 -1.0196 0.89813 -0.027844 0.020651 
82  0.11940 -0.86777 0.78622 0.079950 0.024636 
83  0.086511 -1.0236 0.90239 -0.017247 0.020895 
84  0.086371 -1.0244 0.90322 -0.0048354 0.021213 
85  0.085491 -1.0293 0.90611 -0.018334 0.020876 
86  0.086491 -1.0237 0.90261 -0.024226 0.020739 
87  0.086501 -1.0237 0.90250 -0.020930 0.020793 
88  0.094261 -0.98267 0.86602 0.021524 0.022292 
89  0.085111 -1.0314 0.90678 -0.022232 0.020765 
90  0.085411 -1.0297 0.90624 -0.022788 0.020746 
91  0.085851 -1.0273 0.90526 -0.024293 0.020716 
92  0.090011 -1.0047 0.88062 -0.017367 0.020982 
93  0.085161 -1.0311 0.90671 -0.021571 0.020766 
94  0.086081 -1.0260 0.90435 -0.025298 0.020684 
95  0.086381 -1.0243 0.90312 -0.020109 0.020808 
96  0.086531 -1.0235 0.90229 -0.012193 0.021028 
97  0.086061 -1.0261 0.90446 -0.020692 0.020809 
98  0.083041 -1.0431 0.90781 -0.015460 0.020912 
99  0.088241 -1.0142 0.89075 0.010028 0.021668 
100  0.091491 -0.99695 0.87554 0.013676 0.021844 
101  0.085581 -1.0288 0.90595 -0.015629 0.020935 
102  0.089191 -1.0091 0.88550 0.013963 0.021783 
103  0.085811 -1.0275 0.90539 -0.0024390 0.021242 
104  0.087291 -1.0194 0.89790 -0.026516 0.020669 
105  0.085871 -1.0272 0.90512 -0.00040950 0.021323 
106  0.087161 -1.0201 0.89871 -0.0043753 0.021253 
107  0.084491 -1.0349 0.90750 -0.017840 0.020854 
108  0.085551 -1.0289 0.90600 -0.022980 0.020742 
109  0.095701 -0.97540 0.85983 0.038202 0.022622 
110  0.085041 -1.0318 0.90690 0.0054686 0.021477 
111  0.081951 -1.0493 0.90785 -0.021776 0.020693 
112  0.15127 -0.74901 0.70829 0.14024 0.027568 
113  0.087041 -1.0207 0.89964 0.0067787 0.021561 
114  0.087601 -1.0177 0.89566 -0.013075 0.021039 
115  0.086351 -1.0245 0.90331 -0.021769 0.020787 
116  0.087771 -1.0168 0.89414 -0.014795 0.020958 
117  0.089731 -1.0062 0.88221 0.014996 0.021827 
118  0.088111 -1.0149 0.89163 0.0093157 0.021663 
119  0.086481 -1.0238 0.90265 -0.022312 0.020766 
120  0.083711 -1.0393 0.90777 -0.0071358 0.021103 
121  0.082771 -1.0446 0.90782 -0.00093392 0.021194 
122  0.087611 -1.0176 0.89563 -0.015720 0.021032 
123  0.087301 -1.0193 0.89784 -0.020650 0.020834 
124  0.089781 -1.0060 0.88166 0.015526 0.021846 
125  0.092171 -0.99341 0.87320 0.013998 0.021859 
126  0.085531 -1.0290 0.90605 -0.023498 0.020729 
127  0.087081 -1.0205 0.89927 0.00010211 0.021409 
128  0.086581 -1.0232 0.90200 -0.023242 0.020747 
129  0.098051 -0.96373 0.85118 0.035454 0.022615 
130  0.086371 -1.0244 0.90322 -0.018578 0.020847 
131  0.088071 -1.0151 0.89194 0.016986 0.021871 
132  0.086511 -1.0236 0.90239 -0.0060063 0.021187 
133  0.085621 -1.0285 0.90589 -0.017857 0.020876 
134  0.085771 -1.0277 0.90549 -0.020572 0.020816 
135  0.084941 -1.0323 0.90705 -0.014601 0.020934 
136  0.085691 -1.0282 0.90574 -0.0020144 0.021293 
137  0.084901 -1.0326 0.90709 -0.012371 0.020993 
138  0.085541 -1.0290 0.90602 -0.0091691 0.021086 
139  0.091001 -0.99952 0.87661 0.017495 0.021980 
140  0.086441 -1.0240 0.90288 -0.021491 0.020783 
141  0.086281 -1.0249 0.90365 -0.024942 0.020714 
142  0.086701 -1.0226 0.90121 -0.020567 0.020818 
143  0.086451 -1.0240 0.90281 -0.011388 0.021048 
144  0.12870 -0.83058 0.75025 0.10090 0.025455 
145  0.12226 -0.85608 0.76945 0.087018 0.024842 
146  0.087721 -1.0170 0.89474 0.0019013 0.021427 
147  0.089601 -1.0069 0.88295 0.0053783 0.021566 
148  0.083961 -1.0378 0.90770 -0.012187 0.020973 
149  0.086641 -1.0229 0.90162 -0.021978 0.020782 
150  0.086061 -1.0261 0.90446 -0.021323 0.020809 
151  0.086341 -1.0246 0.90337 -0.027286 0.020646 
152  0.10512 -0.93007 0.83055 0.050818 0.023234 
153  0.089511 -1.0074 0.88346 0.015245 0.021885 
154  0.088271 -1.0140 0.89046 -0.022900 0.020806 
155  0.086691 -1.0226 0.90129 -0.015367 0.020969 
156  0.086691 -1.0226 0.90129 0.0034848 0.021468 
157  0.088501 -1.0128 0.88930 0.013117 0.021728 
158  0.090941 -0.99983 0.87720 0.025950 0.022178 
159  0.095231 -0.97776 0.86168 0.025292 0.022285 
160  0.086431 -1.0241 0.90293 -0.017090 0.020886 
161  0.087091 -1.0205 0.89923 -0.023221 0.020756 
162  0.086281 -1.0249 0.90365 -0.026814 0.020668 
163  0.086341 -1.0246 0.90337 -0.016722 0.020884 
164  0.088041 -1.0153 0.89224 -0.026628 0.020687 
165  0.085701 -1.0281 0.90569 -0.016669 0.020907 
166  0.087251 -1.0196 0.89813 -0.023402 0.020764 
167  0.098791 -0.96011 0.84794 0.034217 0.022616 
168  0.083971 -1.0378 0.90769 -0.0089553 0.021088 
169  0.088081 -1.0151 0.89184 -0.026089 0.020695 
170  0.085801 -1.0275 0.90544 -0.025092 0.020705 
171  0.085941 -1.0268 0.90488 -0.012355 0.020971 
172  0.086071 -1.0261 0.90438 -0.017015 0.020904 
173  0.085941 -1.0268 0.90488 -0.019956 0.020830 
174  0.088131 -1.0148 0.89136 -0.0087171 0.021131 
175  0.085801 -1.0275 0.90544 0.0086143 0.021594 
176  0.089331 -1.0084 0.88442 0.017627 0.021908 
177  0.085521 -1.0291 0.90607 -0.021475 0.020795 
178  0.087301 -1.0193 0.89784 -0.026207 0.020691 
179  0.086591 -1.0232 0.90192 -0.023889 0.020730 
180  0.086201 -1.0253 0.90395 -0.026700 0.020670 
181  0.097261 -0.96762 0.85290 0.030795 0.022598 
182  0.085451 -1.0295 0.90617 -0.022890 0.020763 
183  0.085811 -1.0275 0.90539 -0.013232 0.020976 
184  0.087091 -1.0205 0.89923 -0.024605 0.020707 
185  0.086531 -1.0235 0.90229 -0.021347 0.020814 
186  0.087231 -1.0197 0.89824 -0.0056754 0.021248 
187  0.084571 -1.0344 0.90738 -0.022898 0.020747 
188  0.088901 -1.0107 0.88689 -0.035103 0.020491 
189  0.085321 -1.0302 0.90644 -0.011761 0.021038 
190  0.087361 -1.0190 0.89731 -0.0061120 0.021218 
191  0.085241 -1.0307 0.90663 -0.013755 0.020994 
192  0.10106 -0.94915 0.84269 0.045610 0.023036 
193  0.086211 -1.0253 0.90391 0.0060853 0.021521 
194  0.088381 -1.0135 0.88992 0.0056162 0.021530 
195  0.10613 -0.92543 0.82723 0.053660 0.023663 
196  0.087521 -1.0181 0.89617 -0.0074624 0.021166 
197  0.084851 -1.0328 0.90715 -0.0072565 0.021151 
198  0.095461 -0.97660 0.86077 0.023844 0.022269 
199  0.085451 -1.0295 0.90617 -0.012786 0.020995 
200  0.087731 -1.0170 0.89470 -0.025824 0.020709 
201  0.086761 -1.0223 0.90095 -0.015527 0.020962 
202  0.086031 -1.0263 0.90455 -0.014126 0.020970 
203  0.086801 -1.0220 0.90082 0.0048185 0.021498 
204  0.085371 -1.0299 0.90632 -0.0059372 0.021165 
205  0.086221 -1.0252 0.90383 -0.015668 0.020914 
206  0.088881 -1.0108 0.88712 -0.027664 0.020671 
207  0.092481 -0.99180 0.87113 0.028124 0.022272 
208  0.085391 -1.0298 0.90627 -0.0042992 0.021254 
209  0.086391 -1.0243 0.90311 -0.0064014 0.021166 
210  0.086011 -1.0264 0.90463 -0.027543 0.020645 
211  0.087891 -1.0161 0.89319 -0.025635 0.020699 
212  0.086031 -1.0263 0.90455 -0.025835 0.020695 
213  0.11273 -0.89601 0.80788 0.063965 0.023932 
214  0.085911 -1.0269 0.90499 -0.012343 0.021008 
215  0.084421 -1.0352 0.90756 -0.016947 0.020871 
216  0.085071 -1.0316 0.90683 -0.015126 0.020943 
217  0.087501 -1.0182 0.89640 -0.027083 0.020685 
218  0.087781 -1.0167 0.89398 0.0049285 0.021540 
219  0.088111 -1.0149 0.89163 0.015304 0.021781 
220  0.084891 -1.0326 0.90711 -0.015080 0.020936 
221  0.086351 -1.0245 0.90331 -0.026125 0.020693 
222  0.088851 -1.0109 0.88720 0.0081437 0.021593 
223  0.096321 -0.97229 0.85748 0.027737 0.022423 
224  0.093231 -0.98794 0.86861 0.018750 0.022108 
225  0.088371 -1.0135 0.88999 0.0029798 0.021482 
226  0.085861 -1.0272 0.90517 -0.021234 0.020794 
227  0.087511 -1.0182 0.89624 0.0059656 0.021570 
228  0.084141 -1.0368 0.90764 -0.0064548 0.021154 
229  0.088431 -1.0132 0.88949 0.0031569 0.021575 
230  0.085541 -1.0290 0.90602 -0.020725 0.020825 
231  0.088051 -1.0152 0.89214 -0.018999 0.020885 
232  0.087491 -1.0183 0.89649 0.014491 0.021742 
233  0.086631 -1.0230 0.90165 0.015530 0.021780 
234  0.085241 -1.0307 0.90663 -0.016059 0.020916 
235  0.087041 -1.0207 0.89964 -0.024235 0.020734 
236  0.088021 -1.0154 0.89239 -0.024029 0.020752 
237  0.084901 -1.0326 0.90709 -0.017783 0.020863 
238  0.089881 -1.0054 0.88109 0.0044227 0.021620 
239  0.086831 -1.0219 0.90069 -0.016938 0.020912 
240  0.085011 -1.0319 0.90694 -0.014862 0.020952 
241  0.087891 -1.0161 0.89319 -0.011515 0.021057 
242  0.084991 -1.0321 0.90698 -0.020993 0.020792 
243  0.086981 -1.0211 0.90002 0.0033686 0.021462 
244  0.084881 -1.0327 0.90712 -0.014892 0.020949 
245  0.085041 -1.0318 0.90690 -0.0026171 0.021283 
246  0.087201 -1.0199 0.89849 -0.027280 0.020667 
247  0.086711 -1.0225 0.90114 -0.017187 0.020908 
248  0.087621 -1.0176 0.89552 0.00079198 0.021397 
249  0.085931 -1.0268 0.90490 -0.011533 0.021023 
250  0.087631 -1.0175 0.89545 -0.022886 0.020781 
251  0.11228 -0.89797 0.81174 0.062344 0.024064 
252  0.084791 -1.0332 0.90719 -0.0070877 0.021129 
253  0.085911 -1.0269 0.90499 -0.019863 0.020825 
254  0.087311 -1.0193 0.89771 0.0013419 0.021424 
255  0.086801 -1.0220 0.90082 -0.0026567 0.021310 
256  0.086011 -1.0264 0.90463 -0.022536 0.020781 
257  0.086111 -1.0258 0.90424 -0.021518 0.020765 
258  0.085821 -1.0274 0.90532 -0.027084 0.020649 
259  0.088501 -1.0128 0.88930 -0.022726 0.020822 
260  0.091481 -0.99700 0.87569 0.018207 0.022051 
261  0.094821 -0.97983 0.86312 0.028601 0.022377 
262  0.086351 -1.0245 0.90331 -0.028201 0.020646 
263  0.089781 -1.0060 0.88166 0.0054676 0.021599 
264  0.12545 -0.84331 0.76052 0.095111 0.025306 
265  0.14696 -0.76377 0.71935 0.13318 0.027233 
266  0.085991 -1.0265 0.90469 0.017416 0.021726 
267  0.086621 -1.0230 0.90172 -0.013064 0.021003 
268  0.085691 -1.0282 0.90574 -0.020549 0.020805 
269  0.085371 -1.0299 0.90632 -0.019846 0.020831 
270  0.084941 -1.0323 0.90705 -0.024757 0.020701 
271  0.086261 -1.0250 0.90374 -0.026692 0.020677 
272  0.092311 -0.99268 0.87210 0.022439 0.022110 
273  0.086501 -1.0237 0.90250 0.0054241 0.021534 
274  0.086041 -1.0262 0.90451 -0.0090707 0.021095 
275  0.086531 -1.0235 0.90229 -0.010369 0.021072 
276  0.085701 -1.0281 0.90569 -0.021595 0.020793 
277  0.088231 -1.0143 0.89081 -0.00017948 0.021376 
278  0.086941 -1.0213 0.90024 0.0028669 0.021457 
279  0.090461 -1.0024 0.87913 0.016953 0.021908 
280  0.085451 -1.0295 0.90617 -0.011354 0.021045 
281  0.084811 -1.0331 0.90717 -0.0085162 0.021096 
282  0.085971 -1.0266 0.90476 -0.0030424 0.021265 
283  0.12066 -0.86259 0.77726 0.080777 0.024670 
284  0.11726 -0.87668 0.79391 0.070471 0.024259 
285  0.088311 -1.0138 0.89023 -0.028954 0.020629 
286  0.086581 -1.0232 0.90200 -0.027549 0.020661 
287  0.092321 -0.99263 0.87191 0.014188 0.021844 
288  0.084441 -1.0351 0.90754 -0.019473 0.020819 
289  0.14899 -0.75677 0.71400 0.13886 0.027555 
290  0.094021 -0.98389 0.86627 0.026890 0.022240 
291  0.086361 -1.0245 0.90326 -0.019142 0.020861 
292  0.087761 -1.0168 0.89431 -0.025338 0.020720 
293  0.27114 -0.42944 0.48744 0.38030 0.041157 
294  0.085551 -1.0289 0.90600 -0.015439 0.020924 
295  0.085051 -1.0317 0.90688 -0.0093030 0.021056 
296  0.087821 -1.0165 0.89372 -0.013891 0.021005 
297  0.085961 -1.0267 0.90479 -0.025983 0.020681 
298  0.087461 -1.0184 0.89681 -0.0061422 0.021201 
299  0.086781 -1.0222 0.90087 -0.018307 0.020862 
300  0.085361 -1.0300 0.90633 -0.013915 0.020991 
301  0.084991 -1.0321 0.90698 0.0018584 0.021385 
302  0.087041 -1.0207 0.89964 -0.0061509 0.021187 
303  0.093571 -0.98619 0.86676 0.033887 0.022494 
304  0.086561 -1.0234 0.90207 -0.00052749 0.021343 
305  0.085811 -1.0275 0.90539 -0.019568 0.020820 
306  0.092151 -0.99351 0.87355 0.025314 0.022202 
307  0.086311 -1.0247 0.90349 -0.023909 0.020731 
308  0.085331 -1.0302 0.90642 -0.024851 0.020707 
309  0.086041 -1.0262 0.90451 -0.014888 0.020944 
310  0.087121 -1.0203 0.89909 -0.016521 0.020946 
311  0.088201 -1.0144 0.89092 -0.0041087 0.021253 
312  0.091181 -0.99857 0.87631 0.023842 0.022146 
313  0.084691 -1.0337 0.90730 -0.026145 0.020646 
314  0.085291 -1.0304 0.90651 -0.022344 0.020790 
315  0.085901 -1.0270 0.90503 -0.022268 0.020789 
316  0.083301 -1.0416 0.90779 -0.015824 0.020897 
317  0.088511 -1.0128 0.88917 0.0032772 0.021509 
318  0.086491 -1.0237 0.90261 -0.0019262 0.021284 
319  0.086171 -1.0255 0.90406 -0.016365 0.020903 
320  0.10158 -0.94667 0.84033 0.045223 0.022978 
321  0.085061 -1.0317 0.90685 -0.016478 0.020904 
322  0.086091 -1.0259 0.90432 -0.0053921 0.021206 
323  0.085251 -1.0306 0.90659 -0.019645 0.020819 
324  0.088181 -1.0145 0.89103 -0.028529 0.020641 
325  0.086471 -1.0239 0.90273 -0.021010 0.020809 
326  0.10029 -0.95284 0.84593 0.036084 0.022716 
327  0.086071 -1.0261 0.90438 -0.025641 0.020697 
328  0.086181 -1.0254 0.90400 -0.017374 0.020904 
329  0.094731 -0.98029 0.86340 0.029895 0.022396 
330  0.085631 -1.0285 0.90586 -0.011293 0.021054 
331  0.091381 -0.99753 0.87600 0.016410 0.022030 
332  0.085531 -1.0290 0.90605 -0.017706 0.020880 
333  0.085411 -1.0297 0.90624 -0.0073311 0.021161 
334  0.087261 -1.0195 0.89806 -0.023149 0.020761 
335  0.094541 -0.98125 0.86422 0.025503 0.022273 
336  0.084921 -1.0324 0.90708 -0.020791 0.020792 
337  0.087881 -1.0162 0.89337 -0.027345 0.020658 
338  0.086751 -1.0223 0.90096 -0.0072739 0.021187 
339  0.083181 -1.0423 0.90779 -0.0075197 0.021063 
340  0.085841 -1.0273 0.90528 0.0069384 0.021556 
341  0.088991 -1.0102 0.88649 0.0031649 0.021507 
342  0.089871 -1.0055 0.88121 0.0010850 0.021530 
343  0.085861 -1.0272 0.90517 -0.021209 0.020824 
344  0.087201 -1.0199 0.89849 -0.024722 0.020737 
345  0.087731 -1.0170 0.89470 -0.024232 0.020753 
346  0.089531 -1.0073 0.88326 0.0055904 0.021577 
347  0.085631 -1.0285 0.90586 -0.022476 0.020745 
348  0.16854 -0.69313 0.68198 0.17179 0.029092 
349  0.086191 -1.0254 0.90398 0.00046584 0.021378 
350  0.085151 -1.0312 0.90673 -0.0019014 0.021278 
351  0.086261 -1.0250 0.90374 -0.016072 0.020927 
352  0.088891 -1.0107 0.88704 0.011729 0.021755 
353  0.087471 -1.0184 0.89674 0.0068587 0.021555 
354  0.082441 -1.0465 0.90784 -0.0084298 0.021037 
355  0.087051 -1.0207 0.89951 0.0048197 0.021497 
356  0.087461 -1.0184 0.89681 -0.028263 0.020655 
357  0.087061 -1.0206 0.89940 -0.025883 0.020723 
358  0.098111 -0.96344 0.85074 0.039816 0.022745 
359  0.084961 -1.0322 0.90701 -0.017450 0.020859 
360  0.087751 -1.0169 0.89439 -0.020396 0.020849 
361  0.10589 -0.92653 0.82808 0.051873 0.023361 
362  0.096871 -0.96956 0.85412 0.032975 0.022619 
363  0.088341 -1.0137 0.89005 -0.024575 0.020740 
364  0.088051 -1.0152 0.89214 -0.0031504 0.021325 
365  0.084731 -1.0335 0.90726 -0.0064833 0.021130 
366  0.081741 -1.0505 0.90786 -0.010001 0.020974 
367  0.084791 -1.0332 0.90719 -0.011908 0.021031 
368  0.086031 -1.0263 0.90455 -0.024379 0.020735 
369  0.084851 -1.0328 0.90715 -0.012111 0.021005 
370  0.085311 -1.0303 0.90647 -0.024904 0.020718 
371  0.12183 -0.85782 0.77217 0.087300 0.024926 
372  0.085821 -1.0274 0.90532 -0.019643 0.020837 
373  0.088211 -1.0144 0.89086 -0.017823 0.020989 
374  0.086771 -1.0222 0.90089 -0.019798 0.020812 
375  0.085931 -1.0268 0.90490 -0.011850 0.021047 
376  0.084671 -1.0338 0.90731 -0.0054056 0.021207 
377  0.085091 -1.0315 0.90680 -0.016707 0.020897 
378  0.086551 -1.0234 0.90214 -0.013679 0.020958 
379  0.084281 -1.0360 0.90760 -0.021876 0.020762 
380  0.090591 -1.0017 0.87833 0.016504 0.021893 
381  0.088661 -1.0119 0.88836 -0.026627 0.020702 
382  0.10288 -0.94051 0.83646 0.054183 0.023420 
383  0.088061 -1.0152 0.89204 0.011412 0.021697 
384  0.084871 -1.0327 0.90713 -0.014442 0.020928 
385  0.089611 -1.0069 0.88285 -0.028137 0.020659 
386  0.086861 -1.0217 0.90060 0.0042883 0.021467 
387  0.087431 -1.0186 0.89693 -0.024440 0.020735 
388  0.085061 -1.0317 0.90685 -0.019832 0.020844 
389  0.087311 -1.0193 0.89771 -0.024270 0.020754 
390  0.086411 -1.0242 0.90305 -0.020017 0.020845 
391  0.088241 -1.0142 0.89075 -0.026646 0.020702 
392  0.085671 -1.0283 0.90578 -0.023237 0.020723 
393  0.088261 -1.0141 0.89052 0.0047804 0.021500 
394  0.086391 -1.0243 0.90311 -0.017592 0.020897 
395  0.089261 -1.0087 0.88506 0.019628 0.021976 
396  0.083631 -1.0397 0.90778 -0.010174 0.021008 
397  0.095161 -0.97811 0.86227 0.028719 0.022407 
398  0.11019 -0.90715 0.81531 0.057793 0.023645 
399  0.086151 -1.0256 0.90412 -0.019800 0.020818 
400  0.085711 -1.0280 0.90565 -0.018372 0.020845 
401  0.085721 -1.0280 0.90560 -0.014037 0.021003 
402  0.089371 -1.0081 0.88404 -0.026711 0.020705 
403  0.084831 -1.0329 0.90716 -0.022000 0.020762 
404  0.086961 -1.0212 0.90018 -0.026739 0.020665 
405  0.085911 -1.0269 0.90499 -0.012680 0.021010 
406  0.085981 -1.0266 0.90473 -0.010425 0.021063 
407  0.088331 -1.0137 0.89011 -0.0034119 0.021307 
408  0.22451 -0.53833 0.54379 0.30256 0.038257 
409  0.086061 -1.0261 0.90446 -0.021325 0.020788 
410  0.087111 -1.0203 0.89914 -0.026008 0.020700 
411  0.087241 -1.0196 0.89819 -0.026691 0.020690 
412  0.086621 -1.0230 0.90172 -0.027035 0.020647 
413  0.086361 -1.0245 0.90326 -0.011547 0.021092 
414  0.087641 -1.0175 0.89538 -0.029686 0.020612 
415  0.085131 -1.0313 0.90676 -0.0026195 0.021276 
416  0.086501 -1.0237 0.90250 -0.0068457 0.021165 
417  0.085651 -1.0284 0.90582 -0.018404 0.020854 
418  0.087731 -1.0170 0.89470 -0.027001 0.020667 
419  0.087391 -1.0188 0.89722 -0.019988 0.020862 
420  0.087561 -1.0179 0.89607 -0.017464 0.020913 
421  0.086831 -1.0219 0.90069 -0.022747 0.020776 
422  0.086581 -1.0232 0.90200 -0.0052184 0.021188 
423  0.086371 -1.0244 0.90322 0.0010406 0.021352 
424  0.086091 -1.0259 0.90432 -0.0062542 0.021155 
425  0.085051 -1.0317 0.90688 -0.0092901 0.021093 
426  0.089911 -1.0053 0.88098 0.011111 0.021712 
427  0.086661 -1.0228 0.90141 -0.0024511 0.021280 
428  0.099681 -0.95578 0.84694 0.038561 0.022801 
429  0.087591 -1.0177 0.89573 0.011378 0.021700 
430  0.090321 -1.0031 0.87964 0.015020 0.021823 
431  0.084421 -1.0352 0.90756 -0.013426 0.020966 
432  0.085201 -1.0309 0.90668 -0.025392 0.020674 
433  0.082881 -1.0440 0.90781 -0.014354 0.020924 
434  0.086251 -1.0251 0.90377 -0.023055 0.020737 
435  0.090641 -1.0014 0.87819 0.017824 0.021925 
436  0.092241 -0.99305 0.87247 0.021629 0.022080 
437  0.087131 -1.0202 0.89900 -0.028390 0.020633 
438  0.086571 -1.0233 0.90203 0.012043 0.021687 
439  0.087821 -1.0165 0.89372 0.0031059 0.021492 
440  0.27710 -0.41644 0.45295 0.38436 0.040850 
441  0.084781 -1.0332 0.90721 -0.011156 0.021038 
442  0.087971 -1.0157 0.89249 0.0054610 0.021553 
443  0.086891 -1.0215 0.90043 -0.027436 0.020653 
444  0.086611 -1.0231 0.90178 -0.020451 0.020813 
445  0.085801 -1.0275 0.90544 -0.017402 0.020872 
446  0.087631 -1.0175 0.89545 -0.021309 0.020814 
447  0.090551 -1.0019 0.87873 0.012980 0.021806 
448  0.086521 -1.0236 0.90232 -0.019220 0.020858 
449  0.087501 -1.0182 0.89640 -0.024971 0.020705 
450  0.10729 -0.92015 0.82455 0.062221 0.023696 
451  0.090181 -1.0038 0.87989 0.0055523 0.021658 
452  0.086171 -1.0255 0.90406 -0.022662 0.020770 
453  0.085031 -1.0318 0.90692 -0.014549 0.020958 
454  0.086241 -1.0251 0.90381 -0.012645 0.021031 
455  0.084531 -1.0346 0.90744 -0.021064 0.020787 
456  0.087471 -1.0184 0.89674 -0.012250 0.021032 
457  0.086201 -1.0253 0.90395 0.0022309 0.021408 
458  0.085041 -1.0318 0.90690 -0.014037 0.020960 
459  0.085921 -1.0269 0.90493 -0.020577 0.020814 
460  0.086311 -1.0247 0.90349 -0.016998 0.020894 
461  0.090041 -1.0046 0.88026 0.0035276 0.021589 
462  0.087131 -1.0202 0.89900 -0.021409 0.020828 
463  0.12018 -0.86456 0.77965 0.079680 0.024636 
464  0.086741 -1.0224 0.90102 -0.022007 0.020788 
465  0.11236 -0.89762 0.81050 0.066712 0.024071 
466  0.084461 -1.0350 0.90752 -0.012936 0.020996 
467  0.087491 -1.0183 0.89649 -0.022523 0.020781 
468  0.087051 -1.0207 0.89951 -0.0060562 0.021283 
469  0.086451 -1.0240 0.90281 -0.024951 0.020717 
470  0.084051 -1.0373 0.90768 -0.011616 0.021021 
471  0.087001 -1.0209 0.89991 -0.018443 0.020869 
472  0.087691 -1.0172 0.89497 -0.0064782 0.021183 
473  0.086551 -1.0234 0.90214 0.0086624 0.021610 
474  0.091271 -0.99810 0.87616 0.024418 0.022196 
475  0.088631 -1.0121 0.88850 0.016643 0.021867 
476  0.084711 -1.0336 0.90728 0.0046563 0.021437 
477  0.085591 -1.0287 0.90592 -0.014324 0.020971 
478  0.087731 -1.0170 0.89470 -0.030466 0.020596 
479  0.085331 -1.0302 0.90642 -0.028447 0.020627 
480  0.085581 -1.0288 0.90595 -0.0045010 0.021211 
481  0.087241 -1.0196 0.89819 -0.018434 0.020860 
482  0.086881 -1.0216 0.90049 -0.027225 0.020665 
483  0.086121 -1.0258 0.90419 -0.025371 0.020699 
484  0.086441 -1.0240 0.90288 -0.025675 0.020697 
485  0.086191 -1.0254 0.90398 -0.015636 0.020931 
486  0.087481 -1.0183 0.89659 -0.042946 0.020296 
487  0.086021 -1.0263 0.90458 -0.023608 0.020729 
488  0.083091 -1.0428 0.90780 -0.0078976 0.021124 
489  0.10235 -0.94301 0.83909 0.043674 0.023213 
490  0.086281 -1.0249 0.90365 -0.018092 0.020875 
491  0.10364 -0.93695 0.83435 0.052960 0.023499 
492  0.087641 -1.0175 0.89538 0.00099274 0.021435 
493  0.087131 -1.0202 0.89900 -0.0069477 0.021156 
494  0.085161 -1.0311 0.90671 -0.014961 0.020928 
495  0.094381 -0.98206 0.86527 0.033262 0.022492 
496  0.10125 -0.94824 0.84094 0.043944 0.022932 
497  0.39709 -0.18136 0.26862 0.63847 0.056654 
498  0.086921 -1.0214 0.90029 0.00078851 0.021387 
499  0.085591 -1.0287 0.90592 -0.0077166 0.021103 
500  0.085871 -1.0272 0.90512 -0.021416 0.020806 
501  0.085911 -1.0269 0.90499 -0.012650 0.020977 
502  0.086421 -1.0241 0.90298 -0.027150 0.020661 
503  0.089001 -1.0101 0.88633 0.011283 0.021740 
504  0.093321 -0.98747 0.86793 0.021797 0.022114 
505  0.092181 -0.99336 0.87302 0.023135 0.022135 
506  0.087201 -1.0199 0.89849 -0.027540 0.020666 
507  0.086061 -1.0261 0.90446 -0.0093046 0.021089 
508  0.10015 -0.95351 0.84644 0.041658 0.022859 
509  0.085411 -1.0297 0.90624 -0.015121 0.020939 
510  0.098311 -0.96245 0.84890 0.028511 0.022420 
511  0.084071 -1.0372 0.90767 -0.0028006 0.021241 
512  0.085951 -1.0267 0.90484 -0.018524 0.020864 
513  0.087571 -1.0178 0.89604 -0.024565 0.020740 
514  0.088031 -1.0153 0.89229 0.0096111 0.021658 
515  0.085851 -1.0273 0.90526 -0.016535 0.020907 
516  0.085801 -1.0275 0.90544 0.0033581 0.021465 
517  0.098241 -0.96280 0.84937 0.030315 0.022615 
518  0.084481 -1.0349 0.90751 0.0038104 0.021454 
519  0.087351 -1.0190 0.89745 0.0031264 0.021451 
520  0.086161 -1.0256 0.90408 -0.0090974 0.021121 
521  0.085681 -1.0282 0.90576 -0.015866 0.020950 
522  0.086671 -1.0228 0.90138 -0.021249 0.020791 
523  0.085231 -1.0307 0.90666 -0.023924 0.020715 
524  0.081331 -1.0529 0.90787 -0.010780 0.020944 
525  0.085281 -1.0304 0.90654 -0.014006 0.020976 
526  0.097231 -0.96777 0.85331 0.034269 0.022554 
527  0.23706 -0.50763 0.51805 0.30517 0.036567 
528  0.086311 -1.0247 0.90349 -0.015472 0.020931 
529  0.088151 -1.0147 0.89125 -0.0039172 0.021267 
530  0.10386 -0.93592 0.83288 0.049860 0.023205 
531  0.085701 -1.0281 0.90569 -0.024924 0.020706 
532  0.090381 -1.0028 0.87926 0.0095786 0.021680 
533  0.087041 -1.0207 0.89964 -0.0021235 0.021347 
534  0.086001 -1.0264 0.90466 -0.025800 0.020676 
535  0.088601 -1.0123 0.88863 0.014366 0.021829 
536  0.21620 -0.55934 0.56561 0.26211 0.034006 
537  0.087651 -1.0174 0.89530 -0.015065 0.020985 
538  0.085811 -1.0275 0.90539 -0.00028042 0.021312 
539  0.085231 -1.0307 0.90666 -0.012504 0.020980 
540  0.086111 -1.0258 0.90424 -0.023389 0.020730 
541  0.086491 -1.0237 0.90261 -0.026101 0.020679 
542  0.086421 -1.0241 0.90298 -0.023812 0.020733 
543  0.089031 -1.0100 0.88617 0.013324 0.021814 
544  0.084981 -1.0321 0.90699 -0.0047708 0.021208 
545  0.10702 -0.92137 0.82546 0.054663 0.023481 
546  0.088401 -1.0133 0.88980 0.0068052 0.021579 
547  0.086641 -1.0229 0.90162 0.0051265 0.021506 
548  0.089141 -1.0094 0.88567 0.017255 0.021921 
549  0.085451 -1.0295 0.90617 -0.020004 0.020808 
550  0.085271 -1.0305 0.90657 -0.012861 0.020991 
551  0.084541 -1.0346 0.90742 -0.021486 0.020796 
552  0.085071 -1.0316 0.90683 -0.0079352 0.021102 
553  0.087121 -1.0203 0.89909 -0.014321 0.021011 
554  0.085371 -1.0299 0.90632 -0.022522 0.020749 
555  0.086011 -1.0264 0.90463 -0.019255 0.020847 
556  0.093011 -0.98907 0.86905 0.021411 0.022133 
557  0.089631 -1.0068 0.88243 0.017341 0.021971 
558  0.087771 -1.0168 0.89414 -0.026463 0.020691 
559  0.086301 -1.0248 0.90356 -0.025891 0.020695 
560  0.086271 -1.0250 0.90371 -0.028265 0.020634 
561  0.10562 -0.92777 0.82892 0.052743 0.023725 
562  0.088701 -1.0117 0.88801 -0.015543 0.021004 
563  0.086971 -1.0211 0.90012 -0.026401 0.020689 
564  0.085231 -1.0307 0.90666 -0.016648 0.020921 
565  0.085851 -1.0273 0.90526 -0.013347 0.020984 
566  0.086321 -1.0247 0.90342 -0.025672 0.020695 
567  0.087351 -1.0190 0.89745 -0.025138 0.020730 
568  0.086371 -1.0244 0.90322 -0.025728 0.020710 
569  0.087881 -1.0162 0.89337 -0.026096 0.020706 
570  0.085961 -1.0267 0.90479 -0.0095292 0.021062 
571  0.084641 -1.0340 0.90733 -0.012894 0.020983 
572  0.096041 -0.97369 0.85783 0.031633 0.022505 
573  0.086211 -1.0253 0.90391 -0.0050219 0.021203 
574  0.085101 -1.0314 0.90680 -0.0075925 0.021130 
575  0.085411 -1.0297 0.90624 -0.010064 0.021050 
576  0.084531 -1.0346 0.90744 -0.019970 0.020804 
577  0.089291 -1.0086 0.88497 0.0065332 0.021606 
578  0.084511 -1.0347 0.90747 -0.0064280 0.021124 
579  0.091961 -0.99450 0.87440 0.018637 0.022002 
580  0.11519 -0.88543 0.79902 0.071929 0.024514 
581  0.086371 -1.0244 0.90322 -0.028052 0.020647 
582  0.088791 -1.0112 0.88750 0.0037759 0.021516 
583  0.11572 -0.88318 0.79738 0.068617 0.024113 
584  0.086481 -1.0238 0.90265 0.0045956 0.021475 
585  0.087821 -1.0165 0.89372 0.011694 0.021686 
586  0.085331 -1.0302 0.90642 -0.025475 0.020677 
587  0.085891 -1.0271 0.90507 -0.011492 0.021041 
588  0.086331 -1.0246 0.90340 -0.022430 0.020777 
589  0.086141 -1.0257 0.90414 -0.026047 0.020672 
590  0.085581 -1.0288 0.90595 -0.021037 0.020801 
591  0.086361 -1.0245 0.90326 -0.0033301 0.021240 
592  0.086181 -1.0254 0.90400 -0.025272 0.020707 
593  0.085711 -1.0280 0.90565 -0.010269 0.021080 
594  0.10550 -0.92832 0.82974 0.054705 0.023381 
595  0.087031 -1.0208 0.89973 -0.026026 0.020684 
596  0.090691 -1.0011 0.87805 0.022537 0.022107 
597  0.087591 -1.0177 0.89573 0.0061934 0.021569 
598  0.085051 -1.0317 0.90688 -0.015902 0.020918 
599  0.087261 -1.0195 0.89806 0.0024369 0.021426 
600  0.087021 -1.0208 0.89983 0.0017545 0.021403 
601  0.097791 -0.96501 0.85162 0.033082 0.022568 
602  0.086071 -1.0261 0.90438 0.0022917 0.021429 
603  0.086501 -1.0237 0.90250 -0.023514 0.020750 
604  0.90405 0.97414 0.095951 1.5431 0.10674 
605  0.10673 -0.92269 0.82635 0.059968 0.023560 
606  0.084621 -1.0341 0.90736 -0.0023584 0.021333 
607  0.084741 -1.0335 0.90725 -0.00046100 0.021289 
608  0.086011 -1.0264 0.90463 -0.024326 0.020712 
609  0.084271 -1.0361 0.90761 -0.017674 0.020844 
610  0.095851 -0.97464 0.85885 0.035675 0.022559 
611  0.089511 -1.0074 0.88346 0.014394 0.021786 
612  0.087111 -1.0203 0.89914 -0.027352 0.020667 
613  0.092291 -0.99279 0.87229 0.013107 0.021829 
614  0.086831 -1.0219 0.90069 -0.015852 0.020915 
615  0.088661 -1.0119 0.88836 0.0078358 0.021600 
616  0.093481 -0.98665 0.86770 0.020253 0.022086 
617  0.087391 -1.0188 0.89722 -0.026684 0.020672 
618  0.089111 -1.0095 0.88575 0.014837 0.021816 
619  0.086001 -1.0264 0.90466 -0.0053650 0.021241 
620  0.087361 -1.0190 0.89731 -0.027824 0.020644 
621  0.085791 -1.0276 0.90547 -0.0096956 0.021108 
622  0.085511 -1.0292 0.90611 -0.0096100 0.021095 
623  0.087921 -1.0159 0.89287 -0.023868 0.020734 
624  0.086881 -1.0216 0.90049 -0.024058 0.020758 
625  0.088811 -1.0111 0.88735 -0.019133 0.020887 
626  0.086521 -1.0236 0.90232 -0.016909 0.020933 
627  0.085771 -1.0277 0.90549 -0.013608 0.020983 
628  0.085381 -1.0299 0.90629 -0.014723 0.020941 
629  0.088921 -1.0106 0.88673 0.014841 0.021820 
630  0.087251 -1.0196 0.89813 -0.025310 0.020718 
631  0.091951 -0.99455 0.87457 0.025216 0.022207 
632  0.31022 -0.34703 0.40796 0.47907 0.048422 
633  0.084191 -1.0365 0.90763 -0.018524 0.020836 
634  0.088121 -1.0149 0.89141 0.0031910 0.021477 
635  0.087841 -1.0164 0.89350 -0.026320 0.020673 
636  0.084951 -1.0323 0.90703 -0.015856 0.020916 
637  0.085021 -1.0319 0.90694 -0.014215 0.020986 
638  0.098171 -0.96314 0.85029 0.026821 0.022422 
639  0.085821 -1.0274 0.90532 -0.017881 0.020851 
640  0.087471 -1.0184 0.89674 -0.012918 0.021023 
641  0.084761 -1.0333 0.90723 0.0043553 0.021472 
642  0.086781 -1.0222 0.90087 -0.025984 0.020671 
643  0.086671 -1.0228 0.90138 -0.027451 0.020654 
644  0.096561 -0.97110 0.85567 0.033259 0.022531 
645  0.087391 -1.0188 0.89722 -0.028584 0.020619 
646  0.085691 -1.0282 0.90574 -0.022644 0.020774 
647  0.089101 -1.0096 0.88592 0.0083492 0.021642 
648  0.089921 -1.0052 0.88086 0.013676 0.021781 
649  0.085741 -1.0279 0.90555 -0.024302 0.020737 
650  0.085361 -1.0300 0.90633 -0.018788 0.020845 
651  0.086391 -1.0243 0.90311 -0.023167 0.020744 
652  0.087681 -1.0172 0.89516 0.011299 0.021682 
653  0.086221 -1.0252 0.90383 -0.020985 0.020804 
654  0.086131 -1.0257 0.90416 -0.0023065 0.021312 
655  0.086241 -1.0251 0.90381 -0.023887 0.020732 
656  0.086601 -1.0231 0.90183 -0.0043571 0.021222 
657  0.090551 -1.0019 0.87873 0.013185 0.021912 
658  0.085231 -1.0307 0.90666 -0.022760 0.020759 
659  0.089301 -1.0085 0.88479 0.0082936 0.021629 
660  0.086471 -1.0239 0.90273 -0.0084301 0.021114 
661  0.092231 -0.99310 0.87266 0.019434 0.022001 
662  0.087731 -1.0170 0.89470 0.0023186 0.021422 
663  0.086671 -1.0228 0.90138 -0.026489 0.020678 
664  0.087121 -1.0203 0.89909 0.00052558 0.021386 
665  0.10034 -0.95260 0.84541 0.043463 0.023169 
666  0.085571 -1.0288 0.90596 -0.023112 0.020746 
667  0.086121 -1.0258 0.90419 -0.028628 0.020614 
668  0.086311 -1.0247 0.90349 0.00052469 0.021321 
669  0.086391 -1.0243 0.90311 -0.019916 0.020815 
670  0.084991 -1.0321 0.90698 0.010940 0.021526 
671  0.090491 -1.0022 0.87899 0.018635 0.021986 
672  0.084841 -1.0329 0.90716 -0.016741 0.020898 
673  0.086091 -1.0259 0.90432 -0.015334 0.020958 
674  0.085691 -1.0282 0.90574 -0.022253 0.020772 
675  0.086661 -1.0228 0.90141 -0.024470 0.020729 
676  0.086371 -1.0244 0.90322 -0.027650 0.020645 
677  0.088431 -1.0132 0.88949 0.0067967 0.021595 
678  0.087191 -1.0199 0.89861 0.0069953 0.021565 
679  0.085811 -1.0275 0.90539 -0.016535 0.020906 
680  0.086501 -1.0237 0.90250 -0.0053742 0.021243 
681  0.086531 -1.0235 0.90229 -0.0046173 0.021243 
682  0.086711 -1.0225 0.90114 -0.024082 0.020741 
683  0.085621 -1.0285 0.90589 -0.023661 0.020734 
684  0.084761 -1.0333 0.90723 -0.016662 0.020884 
685  0.085951 -1.0267 0.90484 -0.010696 0.021066 
686  0.086531 -1.0235 0.90229 -0.024405 0.020733 
687  0.093541 -0.98635 0.86700 0.025319 0.022326 
688  0.092691 -0.99072 0.87012 0.031658 0.022434 
689  0.085971 -1.0266 0.90476 0.0021040 0.021426 
690  0.086971 -1.0211 0.90012 -0.00070544 0.021322 
691  0.085851 -1.0273 0.90526 -0.012849 0.021031 
692  0.086511 -1.0236 0.90239 -0.0044421 0.021234 
693  0.091991 -0.99435 0.87389 0.017769 0.021973 
694  0.085521 -1.0291 0.90607 -0.013883 0.020978 
695  0.086901 -1.0215 0.90035 0.0023117 0.021444 
696  0.084421 -1.0352 0.90756 -0.018758 0.020844 
697  0.088731 -1.0116 0.88786 -0.028846 0.020651 
698  0.098611 -0.96099 0.84842 0.036632 0.022698 
699  0.084291 -1.0360 0.90759 -0.030778 0.020519 
700  0.085851 -1.0273 0.90526 -0.018855 0.020848 
701  0.085691 -1.0282 0.90574 -0.012571 0.020985 
702  0.085661 -1.0283 0.90581 -0.0090736 0.021103 
703  0.087581 -1.0178 0.89583 -0.00047665 0.021360 
704  0.088551 -1.0125 0.88884 0.00069976 0.021461 
705  0.087071 -1.0206 0.89932 -0.024633 0.020721 
706  0.10434 -0.93369 0.83211 0.048497 0.023090 
707  0.085241 -1.0307 0.90663 -0.0093987 0.021090 
708  0.087831 -1.0164 0.89359 -0.027781 0.020671 
709  0.086171 -1.0255 0.90406 -0.0022011 0.021287 
710  0.084991 -1.0321 0.90698 -0.014605 0.020953 
711  0.087401 -1.0188 0.89714 0.0057599 0.021501 
712  0.086281 -1.0249 0.90365 -0.0063933 0.021165 
713  0.085451 -1.0295 0.90617 -0.012096 0.021005 
714  0.085411 -1.0297 0.90624 -0.015638 0.020939 
715  0.089331 -1.0084 0.88442 0.015644 0.021891 
716  0.085511 -1.0292 0.90611 -0.026856 0.020656 
717  0.086021 -1.0263 0.90458 -0.014843 0.020940 
718  0.087291 -1.0194 0.89790 -0.027155 0.020657 
719  0.087761 -1.0168 0.89431 0.00079590 0.021380 
720  0.086491 -1.0237 0.90261 -0.0072556 0.021190 
721  0.084011 -1.0376 0.90769 -0.012943 0.020978 
722  0.085261 -1.0305 0.90658 -0.011079 0.021018 
723  0.087301 -1.0193 0.89784 -0.025107 0.020744 
724  0.093521 -0.98645 0.86747 0.032988 0.022449 
725  0.084601 -1.0342 0.90737 0.00022254 0.021354 
726  0.087341 -1.0191 0.89751 0.0086368 0.021631 
727  0.087051 -1.0207 0.89951 -0.018133 0.020877 
728  0.087341 -1.0191 0.89751 -0.024959 0.020720 
729  0.086491 -1.0237 0.90261 -0.024222 0.020712 
730  0.085851 -1.0273 0.90526 -0.017786 0.020895 
731  0.085661 -1.0283 0.90581 -0.0075960 0.021138 
732  0.086271 -1.0250 0.90371 -0.017808 0.020878 
733  0.085731 -1.0279 0.90556 -0.010388 0.021061 
734  0.088411 -1.0133 0.88961 0.0026088 0.021477 
735  0.087471 -1.0184 0.89674 -0.018500 0.020864 
736  0.086531 -1.0235 0.90229 -0.028013 0.020626 
737  0.086651 -1.0229 0.90154 -0.016250 0.020919 
738  0.086031 -1.0263 0.90455 -0.020630 0.020816 
739  0.096571 -0.97105 0.85529 0.029966 0.022417 
740  0.096851 -0.96966 0.85451 0.030353 0.022439 
741  0.096431 -0.97174 0.85713 0.032990 0.022526 
742  0.088731 -1.0116 0.88786 0.0071069 0.021586 
743  0.086621 -1.0230 0.90172 -0.025722 0.020688 
744  0.087761 -1.0168 0.89431 -0.024991 0.020758 
745  0.10975 -0.90910 0.81860 0.063452 0.023896 
746  0.087311 -1.0193 0.89771 -0.022867 0.020782 
747  0.094431 -0.98181 0.86501 0.029592 0.022379 
748  0.18039 -0.65739 0.61911 0.19886 0.031156 
749  0.085371 -1.0299 0.90632 -0.021661 0.020799 
750  0.089751 -1.0061 0.88200 0.0014191 0.021476 
751  0.085341 -1.0301 0.90638 -0.022917 0.020756 
752  0.085811 -1.0275 0.90539 -0.026689 0.020664 
753  0.10793 -0.91725 0.82266 0.052675 0.023447 
754  0.087081 -1.0205 0.89927 -0.024677 0.020737 
755  0.084761 -1.0333 0.90723 -0.020198 0.020810 
756  0.086651 -1.0229 0.90154 -0.0018184 0.021330 
757  0.087021 -1.0208 0.89983 -0.00090818 0.021349 
758  0.087801 -1.0166 0.89385 -0.0067868 0.021201 
759  0.095641 -0.97570 0.86015 0.032064 0.022430 
760  0.096491 -0.97145 0.85641 0.030299 0.022436 
761  0.086341 -1.0246 0.90337 -0.018852 0.020848 
762  0.086001 -1.0264 0.90466 -0.019895 0.020832 
763  0.087611 -1.0176 0.89563 -0.024763 0.020715 
764  0.084821 -1.0330 0.90717 -0.025452 0.020686 
765  0.089561 -1.0071 0.88305 0.012074 0.021780 
766  0.086511 -1.0236 0.90239 -0.0068057 0.021188 
767  0.085631 -1.0285 0.90586 -0.0044010 0.021264 
768  0.084721 -1.0336 0.90727 -0.0079029 0.021116 
769  0.086531 -1.0235 0.90229 -0.023859 0.020747 
770  0.084511 -1.0347 0.90747 0.0028792 0.021376 
771  0.086081 -1.0260 0.90435 -0.0068910 0.021172 
772  0.088131 -1.0148 0.89136 -0.00080644 0.021442 
773  0.090351 -1.0029 0.87938 0.011603 0.021778 
774  0.12579 -0.84196 0.75726 0.090613 0.025224 
775  0.087921 -1.0159 0.89287 0.0037921 0.021462 
776  0.11767 -0.87496 0.79209 0.075534 0.024438 
777  0.088531 -1.0126 0.88890 0.0036160 0.021470 
778  0.085991 -1.0265 0.90469 -0.0085821 0.021082 
779  0.086571 -1.0233 0.90203 -0.017622 0.020895 
780  0.085711 -1.0280 0.90565 -0.017579 0.020870 
781  0.086301 -1.0248 0.90356 -0.012169 0.021039 
782  0.085731 -1.0279 0.90556 -0.016806 0.020889 
783  0.10304 -0.93976 0.83577 0.049053 0.023207 
784  0.086251 -1.0251 0.90377 -0.023001 0.020776 
785  0.086471 -1.0239 0.90273 -0.026269 0.020678 
786  0.085411 -1.0297 0.90624 -0.0028099 0.021249 
787  0.086251 -1.0251 0.90377 -0.00018425 0.021346 
788  0.086581 -1.0232 0.90200 -0.023538 0.020742 
789  0.087061 -1.0206 0.89940 -0.037263 0.020411 
790  0.089301 -1.0085 0.88479 -0.036774 0.020451 
791  0.087761 -1.0168 0.89431 0.010994 0.021684 
792  0.087781 -1.0167 0.89398 -0.026393 0.020691 
793  0.086131 -1.0257 0.90416 -0.020160 0.020831 
794  0.084301 -1.0359 0.90759 -0.0081985 0.021104 
795  0.085631 -1.0285 0.90586 -0.0085550 0.021137 
796  0.084891 -1.0326 0.90711 -0.020237 0.020821 
797  0.089611 -1.0069 0.88285 0.015538 0.021884 
798  0.095771 -0.97504 0.85918 0.028608 0.022356 
799  0.085911 -1.0269 0.90499 0.0022133 0.021416 
800  0.75410 0.48666 0.15718 1.2247 0.085460 
801  0.16649 -0.69952 0.68920 0.17119 0.029496 
802  0.085841 -1.0273 0.90528 -0.024891 0.020702 
803  0.11605 -0.88178 0.79567 0.075030 0.024350 
804  0.088521 -1.0127 0.88897 0.020731 0.022019 
805  0.089081 -1.0097 0.88600 -0.0050366 0.021318 
806  0.11147 -0.90151 0.81296 0.066303 0.024102 
807  0.085391 -1.0298 0.90627 -0.0088542 0.021100 
808  0.087371 -1.0189 0.89725 -0.0084718 0.021216 
809  0.087151 -1.0201 0.89883 -0.023175 0.020758 
810  0.089351 -1.0083 0.88423 0.015505 0.021842 
811  0.086091 -1.0259 0.90432 -0.021794 0.020784 
812  0.089441 -1.0078 0.88366 0.0092710 0.021686 
813  0.085941 -1.0268 0.90488 -0.020339 0.020821 
814  0.085801 -1.0275 0.90544 -0.019214 0.020840 
815  0.087221 -1.0197 0.89826 -0.024234 0.020744 
816  0.086501 -1.0237 0.90250 0.0025723 0.021427 
817  0.086621 -1.0230 0.90172 -0.024637 0.020730 
818  0.086541 -1.0235 0.90219 -0.017980 0.020888 
819  0.084261 -1.0361 0.90761 -0.020669 0.020795 
820  0.085551 -1.0289 0.90600 -0.021121 0.020795 
821  0.086821 -1.0219 0.90077 -0.023521 0.020748 
822  0.086491 -1.0237 0.90261 -0.018376 0.020878 
823  0.084641 -1.0340 0.90733 -0.013549 0.020989 
824  0.084961 -1.0322 0.90701 -0.020366 0.020815 
825  0.092731 -0.99051 0.86970 0.026526 0.022278 
826  0.10272 -0.94127 0.83714 0.046098 0.023117 
827  0.086981 -1.0211 0.90002 -0.025718 0.020711 
828  0.086651 -1.0229 0.90154 -0.025065 0.020717 
829  0.089291 -1.0086 0.88497 0.017902 0.021891 
830  0.085131 -1.0313 0.90676 -0.014661 0.020946 
831  0.085241 -1.0307 0.90663 -0.0080512 0.021106 
832  0.086491 -1.0237 0.90261 -0.0092756 0.021082 
833  0.084681 -1.0338 0.90730 -0.011431 0.021041 
834  0.086691 -1.0226 0.90129 -0.016238 0.020919 
835  0.086901 -1.0215 0.90035 -0.026338 0.020688 
836  0.089621 -1.0068 0.88253 0.011064 0.021738 
837  0.085141 -1.0312 0.90673 -0.024226 0.020706 
838  0.086961 -1.0212 0.90018 -0.0025789 0.021304 
839  0.11017 -0.90724 0.81644 0.060073 0.023780 
840  0.087441 -1.0185 0.89690 -0.020414 0.020843 
841  0.086211 -1.0253 0.90391 -0.025978 0.020678 
842  0.087841 -1.0164 0.89350 -0.027033 0.020674 
843  0.086831 -1.0219 0.90069 -0.018531 0.020863 
844  0.085901 -1.0270 0.90503 -0.017085 0.020866 
845  0.086211 -1.0253 0.90391 -0.020143 0.020833 
846  0.086481 -1.0238 0.90265 -0.0042635 0.021238 
847  0.084351 -1.0356 0.90757 -0.0038353 0.021219 
848  0.085741 -1.0279 0.90555 -0.022108 0.020789 
849  0.087411 -1.0187 0.89705 -0.018170 0.020885 
850  0.087581 -1.0178 0.89583 -0.028299 0.020635 
851  0.085791 -1.0276 0.90547 -0.020359 0.020817 
852  0.090921 -0.99994 0.87735 0.013077 0.021917 
853  0.087501 -1.0182 0.89640 -0.0042889 0.021236 
854  0.084991 -1.0321 0.90698 -0.016578 0.020881 
855  0.097361 -0.96713 0.85205 0.025310 0.022492 
856  0.086151 -1.0256 0.90412 -0.021674 0.020777 
857  0.087421 -1.0187 0.89696 -0.012964 0.021074 
858  0.085151 -1.0312 0.90673 0.0024042 0.021389 
859  0.085431 -1.0296 0.90619 -0.017769 0.020844 
860  0.090981 -0.99962 0.87706 0.017138 0.021918 
861  0.090751 -1.0008 0.87777 0.019074 0.021983 
862  0.089191 -1.0091 0.88550 0.0069055 0.021596 
863  0.086671 -1.0228 0.90138 0.0037029 0.021465 
864  0.085341 -1.0301 0.90638 -0.024402 0.020721 
865  0.085841 -1.0273 0.90528 -0.0099136 0.021122 
866  0.087941 -1.0158 0.89268 0.0088224 0.021636 
867  0.090981 -0.99962 0.87706 0.0037281 0.021605 
868  0.089381 -1.0081 0.88395 0.020387 0.021922 
869  0.085441 -1.0295 0.90618 -0.012302 0.021008 
870  0.087681 -1.0172 0.89516 -0.027450 0.020694 
871  0.087771 -1.0168 0.89414 -0.025775 0.020698 
872  0.086301 -1.0248 0.90356 -0.024619 0.020723 
873  0.085451 -1.0295 0.90617 -0.0056731 0.021191 
874  0.085511 -1.0292 0.90611 -0.026025 0.020669 
875  0.10885 -0.91312 0.81965 0.058658 0.023929 
876  0.086051 -1.0262 0.90448 -0.016946 0.020877 
877  0.086461 -1.0239 0.90279 0.0063266 0.021543 
878  0.085921 -1.0269 0.90493 -0.022026 0.020799 
879  0.087801 -1.0166 0.89385 0.0033685 0.021479 
880  0.085851 -1.0273 0.90526 -0.017479 0.020900 
881  0.086351 -1.0245 0.90331 -0.027804 0.020637 
882  0.092531 -0.99154 0.87053 0.026705 0.022224 
883  0.092501 -0.99170 0.87093 0.028198 0.022254 
884  0.085021 -1.0319 0.90694 -0.00054308 0.021327 
885  0.098191 -0.96304 0.84984 0.036505 0.022647 
886  0.085351 -1.0300 0.90636 -0.011577 0.021018 
887  0.084621 -1.0341 0.90736 -0.020177 0.020838 
888  0.085621 -1.0285 0.90589 -0.0031619 0.021275 
889  0.087891 -1.0161 0.89319 0.0036592 0.021503 
890  0.086461 -1.0239 0.90279 -0.017609 0.020898 
891  0.084201 -1.0365 0.90763 -0.0058078 0.021160 
892  0.087751 -1.0169 0.89439 -0.022733 0.020780 
893  0.085241 -1.0307 0.90663 -0.023215 0.020737 
894  0.084351 -1.0356 0.90757 -0.0047827 0.021174 
895  0.087321 -1.0192 0.89757 -0.023598 0.020747 
896  0.084301 -1.0359 0.90759 -0.019558 0.020804 
897  0.095331 -0.97726 0.86138 0.027590 0.022304 
898  0.084561 -1.0345 0.90740 -0.023934 0.020706 
899  0.086501 -1.0237 0.90250 -0.0013221 0.021300 
900  0.16022 -0.71944 0.70219 0.15688 0.028314 
901  0.086821 -1.0219 0.90077 -0.022964 0.020756 
902  0.088041 -1.0153 0.89224 -0.0075513 0.021194 
903  0.086651 -1.0229 0.90154 -0.0071853 0.021187 
904  0.087701 -1.0171 0.89486 -0.025116 0.020741 
905  0.092711 -0.99061 0.86991 0.024942 0.022154 
906  0.094551 -0.98120 0.86368 0.029630 0.022391 
907  0.086311 -1.0247 0.90349 -0.026443 0.020666 
908  0.085881 -1.0271 0.90509 0.010488 0.021642 
909  0.087731 -1.0170 0.89470 -0.025709 0.020702 
910  0.088581 -1.0124 0.88870 0.0014294 0.021507 
911  0.087681 -1.0172 0.89516 -0.024608 0.020736 
912  0.16268 -0.71155 0.69593 0.16168 0.028900 
913  0.089181 -1.0092 0.88558 0.0015143 0.021504 
914  0.086431 -1.0241 0.90293 -0.024148 0.020739 
915  0.083901 -1.0382 0.90772 -0.0096711 0.021062 
916  0.088751 -1.0115 0.88772 0.0072195 0.021609 
917  0.089471 -1.0076 0.88356 0.0056393 0.021587 
918  0.088081 -1.0151 0.89184 0.0097195 0.021638 
919  0.087911 -1.0160 0.89292 0.0060472 0.021531 
920  0.11345 -0.89289 0.80651 0.070657 0.024100 
921  0.088771 -1.0114 0.88765 0.011060 0.021745 
922  0.089201 -1.0091 0.88532 -0.042615 0.020317 
923  0.084081 -1.0372 0.90767 -0.013747 0.020945 
924  0.085721 -1.0280 0.90560 -0.0059286 0.021173 
925  0.085331 -1.0302 0.90642 -0.010670 0.021059 
926  0.084801 -1.0331 0.90718 -0.011210 0.021009 
927  0.085531 -1.0290 0.90605 -0.0091603 0.021085 
928  0.087311 -1.0193 0.89771 -0.0036426 0.021278 
929  0.084561 -1.0345 0.90740 -0.0096889 0.021072 
930  0.086061 -1.0261 0.90446 -0.018639 0.020865 
931  0.083911 -1.0381 0.90770 -0.010091 0.021035 
932  0.087691 -1.0172 0.89497 -0.024054 0.020756 
933  0.087011 -1.0209 0.89985 -0.020299 0.020820 
934  0.085281 -1.0304 0.90654 -0.016353 0.020915 
935  0.093921 -0.98440 0.86651 0.027056 0.022308 
936  0.089321 -1.0084 0.88451 -0.027638 0.020693 
937  0.13871 -0.79304 0.73376 0.11763 0.026316 
938  0.087551 -1.0179 0.89610 -0.027815 0.020657 
939  0.087001 -1.0209 0.89991 -0.024457 0.020725 
940  0.085861 -1.0272 0.90517 -0.018225 0.020856 
941  0.093041 -0.98891 0.86883 0.020120 0.022089 
942  0.089711 -1.0063 0.88232 0.0057859 0.021694 
943  0.091091 -0.99905 0.87646 0.017055 0.021911 
944  0.087301 -1.0193 0.89784 0.016089 0.021883 
945  0.086301 -1.0248 0.90356 -0.024704 0.020715 
946  0.085661 -1.0283 0.90581 -0.012504 0.020998 
947  0.084281 -1.0360 0.90760 -0.029736 0.020531 
948  0.086971 -1.0211 0.90012 -0.027135 0.020670 
949  0.11776 -0.87458 0.79021 0.079891 0.024555 
950  0.11941 -0.86773 0.78413 0.079337 0.024548 
951  0.088691 -1.0118 0.88815 -0.023509 0.020777 
952  0.084491 -1.0349 0.90750 -0.025680 0.020622 
953  0.090021 -1.0047 0.88050 0.013479 0.021793 
954  0.085891 -1.0271 0.90507 -0.0082740 0.021103 
955  0.088271 -1.0140 0.89046 -0.0040282 0.021351 
956  0.085131 -1.0313 0.90676 -0.016355 0.020930 
957  0.090301 -1.0032 0.87976 0.016342 0.021866 
958  0.085111 -1.0314 0.90678 -0.020400 0.020778 
959  0.084711 -1.0336 0.90728 0.00070336 0.021373 
960  0.085991 -1.0265 0.90469 -0.026456 0.020680 
961  0.089931 -1.0052 0.88074 0.0079184 0.021593 
962  0.31650 -0.33436 0.35159 0.46650 0.045829 
963  0.086021 -1.0263 0.90458 -0.020415 0.020822 
964  0.085951 -1.0267 0.90484 0.0097329 0.021635 
965  0.084781 -1.0332 0.90721 -0.0034663 0.021253 
966  0.087581 -1.0178 0.89583 -0.020808 0.020826 
967  0.085311 -1.0303 0.90647 -0.014328 0.020959 
968  0.085951 -1.0267 0.90484 -0.016036 0.020921 
969  0.085981 -1.0266 0.90473 -0.017693 0.020877 
970  0.085221 -1.0308 0.90667 0.00065245 0.021339 
971  0.086471 -1.0239 0.90273 -0.023547 0.020755 
972  0.085921 -1.0269 0.90493 -0.013717 0.020990 
973  0.085851 -1.0273 0.90526 -0.010775 0.021057 
974  0.085331 -1.0302 0.90642 -0.00028036 0.021322 
975  0.085081 -1.0316 0.90681 -0.0082970 0.021108 
976  0.085981 -1.0266 0.90473 -0.0086574 0.021090 
977  0.086871 -1.0217 0.90054 -0.021598 0.020794 
978  0.097221 -0.96782 0.85372 0.038302 0.022715 
979  0.086161 -1.0256 0.90408 -0.0094440 0.021089 
980  0.083701 -1.0393 0.90777 -0.010268 0.021051 
981  0.088091 -1.0150 0.89173 0.017242 0.021855 
982  0.086501 -1.0237 0.90250 -0.0081542 0.021132 
983  0.085651 -1.0284 0.90582 -0.015385 0.020948 
984  0.087501 -1.0182 0.89640 -0.018291 0.020867 
985  0.085511 -1.0292 0.90611 0.0066761 0.021508 
986  0.086821 -1.0219 0.90077 -0.026414 0.020660 
987  0.086411 -1.0242 0.90305 -0.022492 0.020748 
988  0.090981 -0.99962 0.87706 0.013358 0.021843 
989  0.082661 -1.0452 0.90783 -0.019878 0.020784 
990  0.084531 -1.0346 0.90744 -0.0055914 0.021178 
991  0.086301 -1.0248 0.90356 -0.021619 0.020778 
992  0.085981 -1.0266 0.90473 -0.024790 0.020706 
993  0.085161 -1.0311 0.90671 -0.022652 0.020769 
994  0.083901 -1.0382 0.90772 -0.017391 0.020876 
995  0.088251 -1.0142 0.89064 -0.0062525 0.021204 
996  0.087851 -1.0163 0.89342 0.014305 0.021809 
997  0.089741 -1.0062 0.88211 0.013499 0.021794 
998  0.088311 -1.0138 0.89023 0.0049197 0.021526 
999  0.084331 -1.0358 0.90757 -0.012924 0.020989 
1000  0.084931 -1.0324 0.90706 -0.026307 0.020682 
1001  0.084551 -1.0345 0.90741 -0.012644 0.020999 
1002  0.086271 -1.0250 0.90371 -0.017673 0.020891 
1003  0.087931 -1.0159 0.89277 -0.020911 0.020810 
1004  0.085711 -1.0280 0.90565 -0.011266 0.021056 
1005  0.086211 -1.0253 0.90391 -0.025293 0.020715 
1006  0.089771 -1.0060 0.88178 0.013087 0.021857 
1007  0.087771 -1.0168 0.89414 -0.027413 0.020663 
1008  0.086101 -1.0259 0.90428 -0.017425 0.020882 
1009  0.089101 -1.0096 0.88592 0.0054131 0.021692 
1010  0.088061 -1.0152 0.89204 -0.00040085 0.021382 
1011  0.87030 0.82672 0.11283 1.5258 0.10860 
1012  0.087811 -1.0165 0.89377 0.0077451 0.021581 
1013  0.087881 -1.0162 0.89337 -0.024460 0.020724 
1014  0.13271 -0.81526 0.73821 0.10408 0.025730 
1015  0.086911 -1.0214 0.90031 -0.018937 0.020882 
1016  0.089751 -1.0061 0.88200 0.0086284 0.021663 
1017  0.085811 -1.0275 0.90539 -0.024022 0.020724 
1018  0.086741 -1.0224 0.90102 -0.026449 0.020684 
1019  0.084941 -1.0323 0.90705 -0.013969 0.020956 
1020  0.087151 -1.0201 0.89883 0.0064765 0.021527 
1021  0.086271 -1.0250 0.90371 -0.018378 0.020890 
1022  0.084761 -1.0333 0.90723 -0.019970 0.020823 
1023  0.085721 -1.0280 0.90560 -0.0085477 0.021137 
1024  0.086961 -1.0212 0.90018 -0.010413 0.021099 
1025  0.086841 -1.0218 0.90062 -0.019482 0.020850 
1026  0.087401 -1.0188 0.89714 -0.023380 0.020751 
1027  0.086891 -1.0215 0.90043 -0.012560 0.021023 
1028  0.084481 -1.0349 0.90751 -0.0085229 0.021091 
1029  0.087151 -1.0201 0.89883 -0.0043830 0.021260 
1030  0.086541 -1.0235 0.90219 -0.021825 0.020817 
1031  0.087901 -1.0160 0.89296 -0.027769 0.020647 
1032  0.086211 -1.0253 0.90391 -0.019882 0.020820 
1033  0.086921 -1.0214 0.90029 -0.027139 0.020675 
1034  0.086881 -1.0216 0.90049 -0.019698 0.020850 
1035  0.085791 -1.0276 0.90547 -0.027022 0.020667 
1036  0.088891 -1.0107 0.88704 -0.029407 0.020625 
1037  0.085031 -1.0318 0.90692 0.0013357 0.021382 
1038  0.084691 -1.0337 0.90730 -0.0015834 0.021285 
1039  0.084951 -1.0323 0.90703 -0.013880 0.020956 
1040  0.084671 -1.0338 0.90731 -0.010108 0.021080 
1041  0.092341 -0.99253 0.87172 0.019918 0.022034 
1042  0.11465 -0.88774 0.80062 0.067308 0.024108 
1043  0.086551 -1.0234 0.90214 -0.021273 0.020803 
1044  0.087261 -1.0195 0.89806 -0.021981 0.020776 
1045  0.084531 -1.0346 0.90744 -0.0074996 0.021124 
1046  0.086371 -1.0244 0.90322 -0.018472 0.020869 
1047  0.091631 -0.99622 0.87522 0.013130 0.021831 
1048  0.085271 -1.0305 0.90657 -0.012055 0.020998 
1049  0.086431 -1.0241 0.90293 0.0043148 0.021468 
1050  0.086011 -1.0264 0.90463 -0.0045831 0.021214 
1051  0.087981 -1.0156 0.89244 0.0072549 0.021612 
1052  0.087261 -1.0195 0.89806 -0.029970 0.020627 
1053  0.088151 -1.0147 0.89125 -0.023264 0.020767 
1054  0.088671 -1.0119 0.88822 0.014792 0.021817 
1055  0.086581 -1.0232 0.90200 -0.029434 0.020615 
1056  0.086151 -1.0256 0.90412 -0.00074671 0.021312 
1057  0.085031 -1.0318 0.90692 -0.026723 0.020655 
1058  0.10250 -0.94231 0.83780 0.037803 0.022789 
1059  0.087681 -1.0172 0.89516 -0.027009 0.020700 
1060  0.085561 -1.0289 0.90597 -0.012592 0.020969 
1061  0.086861 -1.0217 0.90060 0.0031484 0.021469 
1062  0.087261 -1.0195 0.89806 -0.019904 0.020861 
1063  0.17218 -0.68195 0.65578 0.18291 0.029861 
1064  0.13948 -0.79024 0.72921 0.12027 0.026741 
1065  0.086051 -1.0262 0.90448 -0.0024626 0.021276 
1066  0.084861 -1.0328 0.90714 -0.020462 0.020811 
1067  0.088921 -1.0106 0.88673 0.010890 0.021702 
1068  0.094341 -0.98226 0.86552 0.027291 0.022292 
1069  0.085921 -1.0269 0.90493 -0.016590 0.020927 
1070  0.087571 -1.0178 0.89604 -0.022628 0.020775 
1071  0.086601 -1.0231 0.90183 -0.019544 0.020878 
1072  0.10868 -0.91388 0.82068 0.051478 0.023470 
1073  0.089221 -1.0089 0.88515 0.0098130 0.021724 
1074  0.086871 -1.0217 0.90054 0.0030764 0.021446 
1075  0.087211 -1.0198 0.89831 0.0049086 0.021513 
1076  0.088021 -1.0154 0.89239 0.0024916 0.021553 
1077  0.10226 -0.94344 0.83971 0.046944 0.023028 
1078  0.085311 -1.0303 0.90647 -0.0042127 0.021227 
1079  0.084971 -1.0322 0.90700 -0.018596 0.020826 
1080  0.088401 -1.0133 0.88980 -0.00026766 0.021376 
1081  0.090781 -1.0007 0.87749 0.013160 0.021841 
1082  0.085751 -1.0278 0.90551 -0.017406 0.020887 
1083  0.094511 -0.98140 0.86449 0.032302 0.022558 
1084  0.086641 -1.0229 0.90162 -0.013914 0.020995 
1085  0.085351 -1.0300 0.90636 -0.019884 0.020803 
1086  0.087831 -1.0164 0.89359 -0.028790 0.020666 
1087  0.085461 -1.0294 0.90613 -0.022337 0.020757 
1088  0.085381 -1.0299 0.90629 -0.020579 0.020799 
1089  0.088791 -1.0112 0.88750 -0.0016231 0.021355 
1090  0.084581 -1.0343 0.90738 -0.011115 0.021026 
1091  0.085181 -1.0310 0.90669 -0.024074 0.020729 
1092  0.085671 -1.0283 0.90578 -0.0079315 0.021141 
1093  0.084631 -1.0341 0.90734 -0.016659 0.020878 
1094  0.086111 -1.0258 0.90424 -0.017939 0.020895 
1095  0.086491 -1.0237 0.90261 -0.025965 0.020703 
1096  0.085181 -1.0310 0.90669 -0.018456 0.020860 
1097  0.085901 -1.0270 0.90503 -0.018210 0.020881 
1098  0.086041 -1.0262 0.90451 -0.0080566 0.021152 
1099  0.085461 -1.0294 0.90613 -0.020106 0.020804 
1100  0.085961 -1.0267 0.90479 -0.00021029 0.021328 
1101  0.095221 -0.97781 0.86198 0.035009 0.022615 
1102  0.087411 -1.0187 0.89705 -0.027424 0.020689 
1103  0.085401 -1.0298 0.90626 -0.034318 0.020435 
1104  0.087731 -1.0170 0.89470 -0.020052 0.020842 
1105  0.086711 -1.0225 0.90114 -0.022673 0.020764 
1106  0.085291 -1.0304 0.90651 -0.014677 0.020947 
1107  0.091561 -0.99659 0.87538 0.020821 0.022042 
1108  0.094541 -0.98125 0.86422 0.023361 0.022320 
1109  0.084751 -1.0334 0.90724 -0.0085218 0.021092 
1110  0.085891 -1.0271 0.90507 -0.0039957 0.021250 
1111  0.087621 -1.0176 0.89552 -0.021998 0.020795 
1112  0.085861 -1.0272 0.90517 -0.014827 0.020958 
1113  0.092611 -0.99113 0.87033 0.016854 0.022044 
1114  0.087051 -1.0207 0.89951 -0.027997 0.020641 
1115  0.085061 -1.0317 0.90685 0.00039323 0.021346 
1116  0.087171 -1.0200 0.89869 -0.027629 0.020664 
1117  0.11138 -0.90190 0.81414 0.066948 0.023949 
1118  0.087151 -1.0201 0.89883 -0.022767 0.020778 
1119  0.085071 -1.0316 0.90683 -0.016283 0.020940 
1120  0.086631 -1.0230 0.90165 -0.016458 0.020951 
1121  0.085901 -1.0270 0.90503 -0.011485 0.021026 
1122  0.087951 -1.0158 0.89258 0.0059031 0.021566 
1123  0.085691 -1.0282 0.90574 -0.010289 0.021087 
1124  0.087201 -1.0199 0.89849 0.0063993 0.021514 
1125  0.086861 -1.0217 0.90060 -0.022302 0.020758 
1126  0.086281 -1.0249 0.90365 -0.016741 0.020906 
1127  0.085811 -1.0275 0.90539 -0.018858 0.020843 
1128  0.087491 -1.0183 0.89649 -0.026685 0.020670 
1129  0.087031 -1.0208 0.89973 -0.026077 0.020719 
1130  0.086561 -1.0234 0.90207 -0.020077 0.020853 
1131  0.083791 -1.0388 0.90775 -0.010837 0.021015 
1132  0.086941 -1.0213 0.90024 -0.025264 0.020715 
1133  0.083761 -1.0390 0.90776 -0.011029 0.020999 
1134  0.088421 -1.0132 0.88955 0.017634 0.021881 
1135  0.086551 -1.0234 0.90214 -0.018354 0.020875 
1136  0.086121 -1.0258 0.90419 -0.026340 0.020679 
1137  0.087891 -1.0161 0.89319 0.0088113 0.021668 
1138  0.084651 -1.0340 0.90732 -0.018097 0.020839 
1139  0.10772 -0.91820 0.82361 0.060742 0.023927 
1140  0.083811 -1.0387 0.90774 -0.032551 0.020462 
1141  0.10997 -0.90813 0.81753 0.061069 0.023701 
1142  0.087141 -1.0202 0.89888 -0.014384 0.020977 
1143  0.093301 -0.98758 0.86839 0.017726 0.022079 
1144  0.087511 -1.0182 0.89624 -0.028468 0.020659 
1145  0.085281 -1.0304 0.90654 -0.017766 0.020883 
1146  0.086691 -1.0226 0.90129 -0.023168 0.020758 
1147  0.085891 -1.0271 0.90507 -0.018033 0.020880 
1148  0.087891 -1.0161 0.89319 0.0066427 0.021557 
1149  0.087181 -1.0200 0.89866 0.0043566 0.021471 
1150  0.092521 -0.99160 0.87073 0.016904 0.022030 
1151  0.087951 -1.0158 0.89258 0.010853 0.021699 
1152  0.085851 -1.0273 0.90526 -0.0066986 0.021197 
1153  0.086651 -1.0229 0.90154 0.0030157 0.021445 
1154  0.086391 -1.0243 0.90311 -0.013317 0.020974 
1155  0.086441 -1.0240 0.90288 -0.018493 0.020878 
1156  0.087121 -1.0203 0.89909 -0.016536 0.020924 
1157  0.085701 -1.0281 0.90569 -0.024413 0.020724 
1158  0.086561 -1.0234 0.90207 -0.0093333 0.021104 
1159  0.097261 -0.96762 0.85290 0.035936 0.022575 
1160  0.086641 -1.0229 0.90162 -0.019559 0.020839 
1161  0.087481 -1.0183 0.89659 -0.0077949 0.021196 
1162  0.088281 -1.0140 0.89035 -0.028112 0.020671 
1163  0.085211 -1.0308 0.90667 -0.014716 0.020950 
1164  0.085381 -1.0299 0.90629 -0.014767 0.020959 
1165  0.087041 -1.0207 0.89964 -0.027138 0.020671 
1166  0.086281 -1.0249 0.90365 -0.024658 0.020716 
1167  0.091961 -0.99450 0.87440 0.030005 0.022289 
1168  0.087131 -1.0202 0.89900 -0.012186 0.021043 
1169  0.087661 -1.0174 0.89527 -0.023793 0.020721 
1170  0.087451 -1.0185 0.89687 -0.026505 0.020677 
1171  0.085721 -1.0280 0.90560 -0.019823 0.020809 
1172  0.086281 -1.0249 0.90365 -0.017025 0.020891 
1173  0.084541 -1.0346 0.90742 -0.014546 0.020937 
1174  0.086821 -1.0219 0.90077 -0.019248 0.020861 
1175  0.094281 -0.98257 0.86577 0.025182 0.022342 
1176  0.086611 -1.0231 0.90178 -0.018924 0.020858 
1177  0.083851 -1.0385 0.90774 -0.0089461 0.021052 
1178  0.086271 -1.0250 0.90371 -0.023243 0.020731 
1179  0.092771 -0.99031 0.86927 0.019228 0.022101 
1180  0.086101 -1.0259 0.90428 -0.024254 0.020739 
1181  0.086601 -1.0231 0.90183 -0.012005 0.021025 
1182  0.085341 -1.0301 0.90638 -0.015954 0.020921 
1183  0.088161 -1.0146 0.89114 0.0078841 0.021596 
1184  0.10086 -0.95010 0.84381 0.039808 0.022889 
1185  0.084931 -1.0324 0.90706 -0.023667 0.020714 
1186  0.085531 -1.0290 0.90605 -0.023208 0.020727 
1187  0.085671 -1.0283 0.90578 -0.021043 0.020797 
1188  0.085681 -1.0282 0.90576 0.00050071 0.021372 
1189  0.086101 -1.0259 0.90428 -0.025100 0.020682 
1190  0.086761 -1.0223 0.90095 -0.022936 0.020777 
1191  0.087661 -1.0174 0.89527 -0.012089 0.021009 
1192  0.085281 -1.0304 0.90654 -0.019826 0.020832 
1193  0.092361 -0.99242 0.87153 0.014876 0.021872 
1194  0.086921 -1.0214 0.90029 -0.0068646 0.021189 
1195  0.085421 -1.0297 0.90620 -0.016594 0.020885 
1196  0.085271 -1.0305 0.90657 -0.015139 0.020931 
1197  0.087041 -1.0207 0.89964 -0.020709 0.020815 
1198  0.086151 -1.0256 0.90412 -0.011038 0.021043 
1199  0.087181 -1.0200 0.89866 -0.028184 0.020643 
1200  0.087091 -1.0205 0.89923 -0.019270 0.020879 
1201  0.086891 -1.0215 0.90043 -0.0022958 0.021294 
1202  0.094471 -0.98160 0.86475 0.022860 0.022153 
1203  0.086311 -1.0247 0.90349 -0.012981 0.021011 
1204  0.10081 -0.95034 0.84435 0.046426 0.023089 
1205  0.087191 -1.0199 0.89861 -0.013363 0.021021 
1206  0.088771 -1.0114 0.88765 -0.042965 0.020301 
1207  0.085021 -1.0319 0.90694 -0.0062201 0.021192 
1208  0.085281 -1.0304 0.90654 -0.0069518 0.021115 
1209  0.087571 -1.0178 0.89604 -0.020092 0.020835 
1210  0.088811 -1.0111 0.88735 -0.024390 0.020786 
1211  0.088111 -1.0149 0.89163 0.00073686 0.021411 
1212  0.084621 -1.0341 0.90736 0.0012754 0.021380 
1213  0.087701 -1.0171 0.89486 -0.026725 0.020687 
1214  0.086721 -1.0225 0.90107 -0.022888 0.020777 
1215  0.087661 -1.0174 0.89527 -0.026089 0.020688 
1216  0.086651 -1.0229 0.90154 -0.025654 0.020688 
1217  0.087131 -1.0202 0.89900 -0.022432 0.020773 
1218  0.087451 -1.0185 0.89687 0.00062416 0.021380 
1219  0.18300 -0.64977 0.60368 0.20358 0.031250 
1220  0.10119 -0.94853 0.84212 0.040301 0.022837 
1221  0.086061 -1.0261 0.90446 -0.024553 0.020713 
1222  0.085321 -1.0302 0.90644 -0.021492 0.020783 
1223  0.085401 -1.0298 0.90626 -0.018574 0.020849 
1224  0.083891 -1.0382 0.90773 -0.020665 0.020745 
1225  0.085971 -1.0266 0.90476 -0.0086829 0.021094 
1226  0.087031 -1.0208 0.89973 -0.027052 0.020670 
1227  0.088691 -1.0118 0.88815 0.011974 0.021710 
1228  0.086721 -1.0225 0.90107 -0.020154 0.020811 
1229  0.087151 -1.0201 0.89883 -0.021038 0.020817 
1230  0.086971 -1.0211 0.90012 -0.024079 0.020736 
1231  0.087501 -1.0182 0.89640 -0.035152 0.020469 
1232  0.086541 -1.0235 0.90219 0.0066775 0.021555 
1233  0.11966 -0.86670 0.78193 0.079244 0.024614 
1234  0.084101 -1.0370 0.90766 0.0039079 0.021417 
1235  0.087301 -1.0193 0.89784 -0.026737 0.020659 
1236  0.12299 -0.85313 0.76660 0.090107 0.025109 
1237  0.086191 -1.0254 0.90398 -0.0027407 0.021287 
1238  0.089301 -1.0085 0.88479 -0.0025831 0.021402 
1239  0.089791 -1.0059 0.88144 0.010439 0.021702 
1240  0.090341 -1.0030 0.87951 -0.044774 0.020290 
1241  0.085741 -1.0279 0.90555 -0.014895 0.020982 
1242  0.086061 -1.0261 0.90446 -0.015961 0.020903 
1243  0.085121 -1.0313 0.90677 -0.019664 0.020827 
1244  0.10240 -0.94278 0.83845 0.047153 0.023121 
1245  0.085131 -1.0313 0.90676 -0.023692 0.020697 
1246  0.085271 -1.0305 0.90657 -0.014241 0.020964 
1247  0.087031 -1.0208 0.89973 -0.018320 0.020867 
1248  0.084921 -1.0324 0.90708 -0.018402 0.020865 
1249  0.085881 -1.0271 0.90509 -0.024324 0.020705 
1250  0.092431 -0.99206 0.87133 0.024456 0.022168 
1251  0.087321 -1.0192 0.89757 -0.026350 0.020695 
1252  0.086971 -1.0211 0.90012 0.0072971 0.021570 
1253  0.087741 -1.0169 0.89443 -0.027050 0.020689 
1254  0.14570 -0.76815 0.72435 0.13092 0.027030 
1255  0.086301 -1.0248 0.90356 -0.023003 0.020757 
1256  0.086421 -1.0241 0.90298 -0.024666 0.020721 
1257  0.086471 -1.0239 0.90273 -0.026629 0.020659 
1258  0.084501 -1.0348 0.90748 -0.019858 0.020820 
1259  0.087351 -1.0190 0.89745 -0.0014894 0.021303 
1260  0.086111 -1.0258 0.90424 -0.023419 0.020749 
1261  0.087261 -1.0195 0.89806 -0.024660 0.020704 
1262  0.090551 -1.0019 0.87873 0.019104 0.021976 
1263  0.084991 -1.0321 0.90698 -0.0054032 0.021187 
1264  0.088071 -1.0151 0.89194 -0.027680 0.020670 
1265  0.084741 -1.0335 0.90725 -0.010361 0.021074 
1266  0.085961 -1.0267 0.90479 -0.0092492 0.021091 
1267  0.086891 -1.0215 0.90043 -0.021417 0.020804 
1268  0.085601 -1.0287 0.90590 0.012308 0.021697 
1269  0.10450 -0.93294 0.83134 0.045195 0.023089 
1270  0.084491 -1.0349 0.90750 -0.014480 0.020959 
1271  0.085311 -1.0303 0.90647 -0.0055642 0.021216 
1272  0.084621 -1.0341 0.90736 -0.010286 0.021047 
1273  0.085541 -1.0290 0.90602 -0.034025 0.020449 
1274  0.084491 -1.0349 0.90750 -0.021184 0.020760 
1275  0.087881 -1.0162 0.89337 -0.021815 0.020810 
1276  0.087001 -1.0209 0.89991 -0.022422 0.020794 
1277  0.085701 -1.0281 0.90569 -0.022631 0.020756 
1278  0.086141 -1.0257 0.90414 -0.011888 0.021022 
1279  0.090731 -1.0009 0.87791 0.0083197 0.021677 
1280  0.085711 -1.0280 0.90565 -0.0033313 0.021231 
1281  0.091891 -0.99487 0.87489 0.021713 0.022103 
1282  0.12931 -0.82823 0.74647 0.099499 0.025460 
1283  0.087931 -1.0159 0.89277 -0.0073341 0.021210 
1284  0.084181 -1.0366 0.90764 -0.018938 0.020835 
1285  0.086341 -1.0246 0.90337 -0.016065 0.020958 
1286  0.13006 -0.82534 0.74246 0.10220 0.025598 
1287  0.086101 -1.0259 0.90428 -0.012849 0.021041 
1288  0.085891 -1.0271 0.90507 -0.013042 0.021050 
1289  0.086811 -1.0220 0.90078 -0.026048 0.020692 
1290  0.086431 -1.0241 0.90293 -0.0096253 0.021088 
1291  0.086021 -1.0263 0.90458 -0.017224 0.020892 
1292  0.087351 -1.0190 0.89745 -0.023606 0.020735 
1293  0.086441 -1.0240 0.90288 -0.023852 0.020734 
1294  0.085761 -1.0278 0.90550 -0.011076 0.021049 
1295  0.087231 -1.0197 0.89824 -0.023249 0.020756 
1296  0.094971 -0.97907 0.86256 0.032009 0.022475 
1297  0.086711 -1.0225 0.90114 -0.027448 0.020650 
1298  0.085521 -1.0291 0.90607 -0.0044127 0.021202 
1299  0.086461 -1.0239 0.90279 -0.016546 0.020923 
1300  0.084731 -1.0335 0.90726 -0.015096 0.020931 
1301  0.086411 -1.0242 0.90305 -0.020394 0.020804 
1302  0.093521 -0.98645 0.86747 0.020972 0.022122 
1303  0.085851 -1.0273 0.90526 -0.021215 0.020811 
1304  0.090541 -1.0019 0.87886 0.024162 0.022133 
1305  0.088391 -1.0134 0.88986 0.011202 0.021695 
1306  0.087401 -1.0188 0.89714 -0.028966 0.020631 
1307  0.19082 -0.62742 0.58591 0.21952 0.031990 
1308  0.082411 -1.0467 0.90785 -0.013453 0.020947 
1309  0.087051 -1.0207 0.89951 -0.0031924 0.021270 
1310  0.088621 -1.0122 0.88857 -0.026090 0.020700 
1311  0.088561 -1.0125 0.88877 -0.024869 0.020741 
1312  0.086651 -1.0229 0.90154 -0.011708 0.021058 
1313  0.096451 -0.97165 0.85677 0.028632 0.022542 
1314  0.087691 -1.0172 0.89497 0.0076745 0.021609 
1315  0.087201 -1.0199 0.89849 -0.027020 0.020677 
1316  0.086171 -1.0255 0.90406 -0.0072648 0.021136 
1317  0.10098 -0.94953 0.84326 0.041830 0.023016 
1318  0.096781 -0.97000 0.85490 0.032799 0.022498 
1319  0.085941 -1.0268 0.90488 -0.025295 0.020713 
1320  0.087191 -1.0199 0.89861 -0.0036634 0.021279 
1321  0.087571 -1.0178 0.89604 0.010535 0.021662 
1322  0.089821 -1.0057 0.88132 0.013922 0.021826 
1323  0.086591 -1.0232 0.90192 -0.027583 0.020656 
1324  0.085351 -1.0300 0.90636 -0.013209 0.020968 
1325  0.089391 -1.0080 0.88375 0.0074626 0.021623 
1326  0.087201 -1.0199 0.89849 -0.0082800 0.021132 
1327  0.086171 -1.0255 0.90406 -0.0045562 0.021249 
1328  0.085051 -1.0317 0.90688 -0.015083 0.020943 
1329  0.085861 -1.0272 0.90517 -0.0029016 0.021279 
1330  0.093311 -0.98753 0.86816 0.028790 0.022469 
1331  0.086591 -1.0232 0.90192 -0.023076 0.020754 
1332  0.10323 -0.93887 0.83507 0.045096 0.023021 
1333  0.086341 -1.0246 0.90337 -0.018624 0.020881 
1334  0.085741 -1.0279 0.90555 -0.020469 0.020811 
1335  0.089001 -1.0101 0.88633 -0.044158 0.020277 
1336  0.085631 -1.0285 0.90586 0.0019911 0.021365 
1337  0.084101 -1.0370 0.90766 0.0035922 0.021411 
1338  0.085041 -1.0318 0.90690 -0.013874 0.020966 
1339  0.088161 -1.0146 0.89114 0.0082803 0.021615 
1340  0.10119 -0.94853 0.84212 0.046013 0.023122 
1341  0.084971 -1.0322 0.90700 -0.0048002 0.021183 
1342  0.086591 -1.0232 0.90192 -0.018680 0.020875 
1343  0.086591 -1.0232 0.90192 -0.023089 0.020767 
1344  0.087071 -1.0206 0.89932 -0.021832 0.020781 
1345  0.088961 -1.0103 0.88657 0.019659 0.021954 
1346  0.087191 -1.0199 0.89861 -0.025280 0.020713 
1347  0.083871 -1.0383 0.90773 -0.017580 0.020864 
1348  0.085681 -1.0282 0.90576 -0.010547 0.021051 
1349  0.11425 -0.88945 0.80366 0.072429 0.024351 
1350  0.082741 -1.0448 0.90783 -0.028364 0.020556 
1351  0.085101 -1.0314 0.90680 -0.015847 0.020919 
1352  0.085861 -1.0272 0.90517 -0.0047644 0.021212 
1353  0.12484 -0.84573 0.76362 0.090344 0.025124 
1354  0.12832 -0.83206 0.75382 0.098578 0.025425 
1355  0.086061 -1.0261 0.90446 -0.024669 0.020727 
1356  0.088511 -1.0128 0.88917 -0.029114 0.020636 
1357  0.087351 -1.0190 0.89745 -0.027107 0.020667 
1358  0.090751 -1.0008 0.87777 0.017051 0.021974 
1359  0.084081 -1.0372 0.90767 -0.014402 0.020940 
1360  0.086981 -1.0211 0.90002 -0.011790 0.021025 
1361  0.091941 -0.99461 0.87473 0.019324 0.022031 
1362  0.086421 -1.0241 0.90298 -0.022380 0.020784 
1363  0.087021 -1.0208 0.89983 -0.020805 0.020821 
1364  0.085101 -1.0314 0.90680 0.0029788 0.021411 
1365  0.085741 -1.0279 0.90555 -0.0016572 0.021274 
1366  0.10045 -0.95207 0.84489 0.040333 0.022845 
1367  0.086201 -1.0253 0.90395 -0.013276 0.020976 
1368  0.087211 -1.0198 0.89831 -0.016065 0.020956 
1369  0.095741 -0.97520 0.85951 0.035637 0.022554 
1370  0.087481 -1.0183 0.89659 -0.00060716 0.021340 
1371  0.085261 -1.0305 0.90658 -0.019016 0.020832 
1372  0.084861 -1.0328 0.90714 -0.022681 0.020761 
1373  0.089361 -1.0082 0.88414 -0.047809 0.020216 
1374  0.086511 -1.0236 0.90239 -0.019849 0.020837 
1375  0.085721 -1.0280 0.90560 -0.0072368 0.021120 
1376  0.086201 -1.0253 0.90395 -0.018351 0.020880 
1377  0.086461 -1.0239 0.90279 -0.020973 0.020824 
1378  0.084941 -1.0323 0.90705 -0.011047 0.021018 
1379  0.085341 -1.0301 0.90638 -0.013363 0.020997 
1380  0.087411 -1.0187 0.89705 -0.017775 0.020905 
1381  0.088281 -1.0140 0.89035 -0.026669 0.020698 
1382  0.086591 -1.0232 0.90192 -0.028334 0.020628 
1383  0.091641 -0.99617 0.87506 0.016702 0.021964 
1384  0.086611 -1.0231 0.90178 -0.0012440 0.021333 
1385  0.094931 -0.97927 0.86284 0.028347 0.022317 
1386  0.085311 -1.0303 0.90647 -0.0030189 0.021258 
1387  0.085561 -1.0289 0.90597 -0.0076346 0.021142 
1388  0.10814 -0.91631 0.82168 0.057630 0.023614 
1389  0.086211 -1.0253 0.90391 -0.0037693 0.021266 
1390  0.084511 -1.0347 0.90747 -0.025684 0.020682 
1391  0.17318 -0.67891 0.64503 0.18384 0.029981 
1392  0.085621 -1.0285 0.90589 -0.0027358 0.021263 
1393  0.086691 -1.0226 0.90129 0.0067083 0.021536 
1394  0.092731 -0.99051 0.86970 0.031012 0.022331 
1395  0.088511 -1.0128 0.88917 -0.026286 0.020708 
1396  0.085871 -1.0272 0.90512 -0.0023912 0.021259 
1397  0.084451 -1.0351 0.90753 -0.0080298 0.021130 
1398  0.086261 -1.0250 0.90374 0.0039529 0.021457 
1399  0.083901 -1.0382 0.90772 -0.015977 0.020887 
1400  0.086611 -1.0231 0.90178 -0.026738 0.020663 
1401  0.095571 -0.97605 0.86046 0.030825 0.022509 
1402  0.084891 -1.0326 0.90711 -0.013044 0.020980 
1403  0.087021 -1.0208 0.89983 -0.023106 0.020753 
1404  0.085801 -1.0275 0.90544 0.0069483 0.021531 
1405  0.085781 -1.0277 0.90547 -0.018033 0.020883 
1406  0.087201 -1.0199 0.89849 -0.020630 0.020814 
1407  0.090021 -1.0047 0.88050 0.0024396 0.021569 
1408  0.089061 -1.0098 0.88609 0.014165 0.021794 
1409  0.11443 -0.88868 0.80217 0.072187 0.024096 
1410  0.099131 -0.95845 0.84744 0.039852 0.022782 
1411  0.085951 -1.0267 0.90484 -0.021562 0.020795 
1412  0.086701 -1.0226 0.90121 -0.023331 0.020760 
1413  0.089381 -1.0081 0.88395 -0.00019253 0.021394 
1414  0.087311 -1.0193 0.89771 -0.027535 0.020660 
1415  0.083761 -1.0390 0.90776 -0.0047909 0.021175 
1416  0.087521 -1.0181 0.89617 -0.00054216 0.021367 
1417  0.086941 -1.0213 0.90024 -0.017739 0.020883 
1418  0.086331 -1.0246 0.90340 -0.016908 0.020886 
1419  0.086641 -1.0229 0.90162 -0.035986 0.020409 
1420  0.085811 -1.0275 0.90539 -0.023455 0.020735 
1421  0.086291 -1.0248 0.90357 -0.017823 0.020888 
1422  0.086551 -1.0234 0.90214 -0.028139 0.020650 
1423  0.086681 -1.0227 0.90131 -0.0058742 0.021196 
1424  0.11378 -0.89147 0.80511 0.075502 0.024661 
1425  0.092181 -0.99336 0.87302 0.016443 0.021907 
1426  0.087061 -1.0206 0.89940 0.0021169 0.021420 
1427  0.16980 -0.68924 0.67412 0.17362 0.029244 
1428  0.084231 -1.0363 0.90762 -0.018588 0.020850 
1429  0.087141 -1.0202 0.89888 -0.013758 0.021003 
