3974790
4066218
4066225
4066337
5684383
7547786
7658659
7659251
10252457
10253968
11981195
11981348
11981356
12587850
12587868
12588157
13260597
13505750
14569399
15611344
15611495
16903604
17560678
17560699
17560712
25731832
27457354
32156908
32969097
32969112
37073872
38163601
40386893
40387876
40465364
40465366
42412692
44837688
47837600
47841890
47842731
49081527
51793129
52157063
53147882
53605818
57747653
57751625
58667489
63861102
66053901
66053945
66379327
66694086
66696205
68074137
69158313
70759047
70909191
71494605
652793
652807
1831329
3852868
3853040
3853066
4929458
7196901
7198242
7198244
9431769
11642877
13395497
15285866
16161171
17316624
23359819
23637230
26986414
26987569
29074642
31062728
33781874
35082553
40308495
40309399
40797554
40797559
40797560
41094844
47575650
47575667
47575668
47575670
48698257
50479579
51844759
52165160
54313485
54459373
57558217
57558458
57558914
57559430
58450812
58978100
59915426
60938590
62093071
65474149
66081900
2299194
2299565
3155203
3424607
3424784
3586925
5770344
5774978
5802958
8664088
10202492
10202551
11412513
12935357
13969360
14285189
16449475
19840880
20447207
20447531
24911235
24911241
27521851
27521892
27521952
27523534
28374724
29477720
34363252
40711521
40716847
40976100
41243767
41243788
44281508
45671521
50569404
51800973
53496166
56256547
58705375
59541286
60671215
60671218
61167108
64444743
451563
451573
1994900
2682668
3869630
7310165
8740148
8971597
12713396
12716065
13559155
16022983
19687344
22778418
24211115
24211116
24265098
24853654
24858531
25564005
26522217
28001027
28012033
28222068
29442004
29442005
30154721
30156069
37380542
37721806
45893213
46432323
50787671
53252853
53710477
53963403
58911789
61887837
61888852
64645706
64646107
64698458
7852390
10211149
11298531
13472856
13472864
16741665
16741994
20213292
20213295
21906343
22912290
22954931
23108983
25286696
26168055
26169525
26582812
26675905
27138300
27591280
27593664
30438919
33249527
33968157
35627390
36732420
36878692
45911087
45911173
45949967
45950097
46113257
50713685
57114807
57114809
57116166
58605776
62294991
706698
2309286
3746849
5974181
11458271
15816419
16308560
17243777
18434030
18513264
18513333
18515561
19290778
19672440
24555162
25910269
27078581
29783343
29783344
34920362
34920490
34920495
35150459
36343716
45937547
45937610
47736094
51096962
51726815
55002069
55591361
55593754
55690569
56061978
57325816
59789974
61304967
61307511
61307567
3703869
5677772
8489733
8489824
12451101
21411262
21879226
22228283
23567172
25590934
26155945
26596391
28895369
32342370
33004356
33844239
34962298
35894723
40246582
41327497
44409187
45908860
48900719
51914849
52456386
53222899
56573820
56852367
57593260
59242922
59647617
59677230
1538569
1700858
3742825
4289638
11445292
14563124
14610032
19218117
20646866
26070485
26070537
26672778
27004557
31143854
34091115
37533325
47068380
50441762
51374664
51375538
52689328
56606037
3583782
4792985
8178274
11577230
11577268
11577269
12272361
12272513
12272517
12616507
14522443
16566271
21813032
21813052
22197996
24419257
31561494
33498261
33498562
36271259
42639282
43293129
43293213
43293296
48422597
54863719
3115407
3213915
3932003
3932140
5234062
6933229
7122219
7676081
7676095
9044891
10156463
10487814
10890557
11821303
12408402
12408643
14343463
15823953
15863765
15863783
17606078
20143844
21359621
21359624
22132250
22308174
22454999
28912320
30722223
31328032
31328488
31328522
31328546
31670927
31670958
31671178
33775742
35816877
35817528
36198173
40387471
41015511
43181864
43354005
44256792
44256810
44506073
47124275
53145314
54511378
54513574
54527812
56278508
56278509
56390455
56777624
57834353
61094794
61348470
62303181
62305777
62428230
62485876
63286099
63286105
66102867
66662635
66662657
66664389
66885036
67159187
68089781
69196039
70950258
70959595
71495844
73488136
74905376
74909409
74912809
74912812
77152788
79568865
80711685
82626967
84654245
85252549
88480468
89263755
89263756
90034161
91713852
92028665
94685681
95060502
95071870
95589566
95591786
95591791
96483783
97767362
98146768
98148040
98148044
98148047
98148275
98193330
98341751
98342382
99690794
99690795
100290383
103421415
103876692
106527394
110273661
110591126
112191118
112701590
113066766
113450750
117643095
117643464
120080524
121962960
123574952
127277462
128138795
134091939
135167601
135719932
139327980
141945977
142122629
145037491
145047174
147262954
148187964
148653111
148653136
148653143
149115020
152357170
152365320
154246478
156075428
159032918
159034537
163220455
164930822
164932370
165075268
168752831
171408499
172130891
173269683
173270253
173270271
173271524
173271641
3386964
4036422
5558212
6532273
7282468
9893158
9893211
9893313
9894967
11392161
12533842
12534116
12534296
12534297
12534299
12536105
12854731
20414938
28096270
28469424
31112349
31112362
34129885
36183463
36616601
38238030
42908925
42908987
51236119
51292541
51292674
495555
511440
3106587
3106588
9472682
12304006
15083821
18712614
18900873
22512990
26470439
27358646
27680430
32301528
32301532
35596864
41540350
41542019
41544328
41848743
42852202
43074181
43087503
45778150
47407179
47407994
47408008
49239199
49346421
49563506
51506817
51507124
51964353
52181872
1449613
2672203
4449015
4718543
7597665
7597678
7851135
8674870
8675841
13917237
18494905
18494906
18495708
18496957
18904371
24392653
26781102
26781154
26781177
29544780
34198867
36093804
37070609
38956348
44854152
45438651
50740969
536459
860122
860124
888699
906278
906467
927070
1007862
1865805
2212102
3445010
4323069
4716197
4716198
4716200
4716313
4716362
4716363
4716378
5074816
5494672
5494974
5495889
6769538
7791927
8122379
8291824
8412574
8688865
9796568
9980903
10055854
10055954
10206201
10285217
10407627
10542510
10548455
11044021
11944059
12663093
12664114
13591518
14161334
14598870
14600541
14983120
15023586
15028036
15253020
15514718
15662936
15662938
16866048
17393943
17551455
17623560
17917814
18633638
19245234
19245236
19268478
19336628
19445747
19983197
20036035
20120083
21675198
21907871
22512063
22870206
22870228
22870570
23554576
23581298
24093474
24478115
24685436
25136091
25774053
27663873
27666357
27715097
27787090
28278554
29710034
29793172
30442045
31160695
31162464
31592464
32153429
32183081
33311650
33761267
34113115
34115928
34724345
34724367
34736224
35071824
35071828
37952036
38047599
38125424
38734088
38788355
39159840
39239454
39394998
39686248
40303407
40310791
40329034
41086128
41472907
41763593
43087108
43501542
43555998
44607047
44609437
44769362
45543796
46072998
46185083
46647529
46668220
48751769
48753430
48755366
48971418
49250904
50377578
50378073
50430442
50430446
50440428
50912274
51536863
51655202
51878730
51881080
52004720
52023278
52028251
52052793
52059150
52066406
52066654
52067021
52937678
53235709
53246213
54421087
54509776
55299309
55301296
55301313
55305209
55625697
55633776
56086467
56086818
56086835
56379340
56634772
56640450
57131215
58636900
58764893
58764894
59133936
59137941
59413092
60517514
60785502
60948012
60948147
60950131
60950385
60952993
61125037
61199996
61202309
61839102
61841625
61844387
61996623
62029876
62030148
62582516
62582517
62626291
62627154
62645513
62645525
62840487
62857521
63511600
64587951
65727143
65767465
65767469
65781568
65782455
65782539
66042946
66045877
66045884
66302930
66303151
66303168
66365107
67660226
68269857
68896331
68896372
69267264
69291068
70196124
70196137
70217990
70220781
70275053
70387363
71619722
71623316
72198300
73374773
73374786
74228699
74471127
75049013
76042793
76365699
76555132
76575032
77173970
78492107
79134356
79272738
79314433
79847091
80557486
81095479
81595758
81801088
83618392
83619422
84034616
89196451
90114747
90114753
90114755
90412396
90492851
93244929
94251263
94317839
94522294
94601436
94650779
95399235
95987425
95987426
95987443
96325923
96325939
96325950
97779877
97806903
97808332
98299184
98568776
98568778
100263227
100690997
100690998
100691005
100691021
100691607
100691615
100826968
100826973
101197906
101210852
101220151
101220813
102342081
103255495
104644489
104694345
104909490
104920610
105806109
105950168
105993240
105993256
106316071
107108414
108065810
108131645
108151454
108467318
110235011
110238674
110255243
110269060
113516773
114936046
114936091
114936467
115122869
115123045
115123089
115567736
115569517
115570003
116765747
118161308
121018628
121018633
122090042
123600870
125043370
125695233
125695240
125919841
125967948
126524978
126936889
126946067
127437005
127454288
127457652
127461708
127825523
128993767
129854214
129962781
131415538
131784896
133129630
134505435
134674503
135371479
136116129
136196217
138508912
139317885
139906403
141985498
141986270
147208299
147749739
147749755
147758502
148097624
148277571
148752227
148752243
149525029
150645426
150983493
151105239
151105240
151901849
152420348
152420510
152453352
153855772
153855775
154284102
154285156
154285200
154512487
154676011
155156577
155482995
155483003
156071824
157061279
157325599
158048226
158058609
158377953
158388326
158865076
158865078
160722991
161115154
162165668
163463835
166485476
166485517
166732998
166733139
166848257
166848271
166848317
166848321
166850573
169110312
169554827
170990454
171837004
171852799
171893282
171893855
171893895
172025414
172025415
173506850
173925518
173963915
174210626
174210650
174574781
175363468
175719025
175813159
175815825
175815835
177051253
177998597
179733127
180545170
182039147
182135992
182224237
184574180
184944996
185300438
185300757
186071245
186072785
187229620
189545402
192847676
192884082
192891921
194828380
195218462
195218709
196004556
196143600
197516376
197583822
198486301
200349523
200450176
202789489
204142313
206449536
207455342
207937163
208097242
208097266
208341049
208988279
209359639
209382784
209639008
209642607
212006179
212006221
212322296
212322299
212769655
216453542
217811235
218924904
218924992
220666381
220805720
220805745
221327548
222518366
222833880
223504508
224915107
226059704
227110107
227111441
227623915
227626626
227626627
229262037
229506466
229506467
229506474
229506479
230738302
232077947
232156719
233807103
236772738
236773875
236776239
238855991
240317720
240319724
240319763
240320795
241706419
241791010
242351363
242836616
242851133
242864665
242864676
242864696
242865324
244573658
245253930
246911898
248656568
250161611
250422411
253631788
254661542
255004460
255581050
255874564
259033423
259702717
259705890
259705892
261647654
261661241
261947162
262300576
263822176
264074707
265134030
265134412
265134787
265136322
265136835
265564183
265599145
266041615
266044941
268493581
268564824
268564865
268564975
268564976
268566342
269487085
270700978
271445687
271447313
271447428
271793071
271805058
275100220
278877623
281081245
281084349
283785239
283789292
287970512
287970513
291342278
291343157
291343696
291716366
293635725
293887283
294169647
295647419
295898316
298804273
299130637
300292852
300925143
302142056
302702070
303032119
303054471
303054477
303958955
307696944
308333683
308576295
314371018
314578394
314989469
316305818
316305822
317159017
317467433
317471891
319939893
320109478
320809430
321002009
321935068
321935389
321935392
322494629
323494915
323501596
323608004
323610512
323610540
324155727
326447373
327611512
328993049
330312466
331064014
331064017
331064546
331064548
331322461
331324007
331338569
331407690
331850356
333736397
333932516
335835199
335848198
336782673
337290079
339652879
339926349
339927845
340784361
340950995
343513208
345861637
345861647
346575897
347507670
350007992
350376985
350767446
353089711
354050140
358320438
359492731
360259017
360519436
362211042
365078365
365203964
365207188
365207198
365207385
365520545
365843810
366934328
367529206
367530647
367531929
368549251
368563414
369058698
371796362
371796386
371796387
371908942
372851955
376050334
376457238
376686878
377869817
377869972
379410620
379673012
380272097
380646576
380651120
380710934
384451104
384654957
387832781
387832785
387955040
387955056
390748198
392329620
393566840
396556454
399268595
399270699
399272432
399740124
399751795
402181658
402181773
402181774
402181777
402182354
405709872
408642274
408642316
408642332
408642580
408642624
408646132
409299900
409652588
409653399
409667302
410341570
414748713
414748721
414750943
414785819
414787851
415560647
415563184
415564360
415564366
415564368
416032442
416638504
418913203
418913220
421312862
421440095
421568453
421963892
421963917
424105223
424126690
425486803
425486816
428131022
430247692
430252858
432324165
433635526
433636422
433640303
433794098
434190111
434190119
434290342
435027049
436383296
436679564
437612374
437614554
439851864
440133743
443757854
444700595
444924978
445283674
446402646
446414942
446417197
446417692
446423098
446441160
448650266
448664235
450061384
450821512
450854429
452490448
452506381
454684629
454685575
454686259
455166814
455430124
456355164
458910990
459123452
460761720
460828803
460830158
460830201
460830205
461575659
463182763
466436841
466862163
466862958
467673188
469695976
469696812
469772153
469976625
471166400
471884539
472038504
472518983
472635730
472635739
474011089
475376983
476609699
476859895
477948007
478980574
481330593
482015435
482016653
483209674
483209681
483792000
484734099
484734896
484735964
484757658
489036794
489068647
489298677
491507075
493947066
493989509
493990268
495041112
497800716
497801786
498231917
498249919
500104020
500104029
502644223
502933997
502934008
503326928
503326938
503330639
504482695
505808678
505958140
508857602
508863413
508863425
508887639
2354676
7197010
8174704
8415509
9173080
9862404
18731853
18937058
19288257
19325874
20697187
20697211
24879621
25007955
25454756
26138549
28443072
28443073
33007676
36568326
36568329
36643741
37066114
37974485
38822066
38822123
39611072
39612603
45761847
48602836
285943
3040391
3628692
4340580
5538898
5540886
5541046
11490367
12050898
14011587
14014363
14014393
15464215
22271932
22665252
24224722
24814987
28415114
28422544
31002315
32082319
32422874
32422883
33226639
39069282
39826426
40737563
45233416
46000668
47517921
4131043
5759177
10285447
12126545
14835956
19190622
19469239
25010835
25098717
26668058
31491320
32128159
32128160
38189196
38905727
39935255
686578
803985
1565140
2158906
2293006
6436003
6436018
8645161
8645287
8645872
11591854
12262724
12588353
14250866
14871015
14996863
25452689
29491542
30154675
33275643
3456590
3456714
3744074
3760509
5142190
5142192
18631207
19610247
21928367
22725971
23961641
23961773
23962085
25236123
26465845
29235730
34033607
34033627
34035467
34035486
34060121
34156742
41923483
42465977
44407989
1233257
7164479
16663960
16663968
16664178
19655768
20960061
22185433
22450595
26564474
26565105
37268993
37269005
40493589
3123852
3123858
8261017
11609066
11609389
12295448
12624378
13766375
14025656
17196217
17285979
17539283
19277331
20040622
23995011
23996510
25418726
25994090
25994096
26909747
29425766
29689365
30633171
31604842
35606598
36322033
40785520
3108265
4035740
4036593
5583451
8511187
8512637
8514532
9665364
9757308
10934580
10934581
11001687
13279427
13280033
14445199
17705757
20299493
20301875
21832067
22846599
24875081
24875095
24875096
26997967
26997970
26997975
28532699
30120953
32597244
37031176
37580432
37755724
38387668
39362322
42517018
43088048
45220503
45879089
47498210
54554902
55723075
56984681
60898602
61459163
63814820
65745035
71215640
71722681
72823418
74772670
75287599
80969760
82034613
83338760
84246979
84610640
84610838
87400312
89856687
91592974
91594906
94958286
94959642
100293217
108036958
108416479
111012834
112268585
112268650
112753916
112829037
113690080
113728256
113728262
113728265
114781679
116231004
120486422
120487458
120487461
121193395
121193416
126523089
129093085
137015686
137028869
137111908
137112335
137327922
140584927
448900
5372138
5574899
5772386
5793426
7869075
9615909
9796901
14370025
15951104
18571812
21743686
23410083
24423654
25490823
25491962
28418969
30020393
33049470
36677190
39277524
39815085
41565284
5110858
7458463
9710514
13869689
15129429
23518467
24444502
24484975
33649538
33813032
33813040
40074492
639238
3395585
3395590
7739295
11039330
16699782
19650160
19650283
32324544
32325057
32325088
2600240
6922763
7156846
8694675
9740810
10962644
12692697
12820513
15615676
15775834
16193956
16194067
20401263
22855441
22855650
28368809
29207519
29911946
32152174
32152380
32190179
32655775
35905083
35923618
36155517
38685844
1001709
2973840
8199200
8199204
10289883
12066451
15917370
18548893
25252288
30693448
31048978
35365628
1681196
3680064
4937951
6180811
6539575
9113066
18816408
19740439
21011826
21011836
22667782
23325804
24089887
24195429
27626892
27628381
2392014
2392015
2392019
2392020
3549480
8161555
8590408
15119662
16836085
17246682
17246812
17248176
18605755
19952582
22286009
25607604
25608278
33519262
33520407
33870808
33870810
1994826
6580961
11412659
11811286
15003277
17168205
18514273
26621674
31060838
31666938
929095
929625
6496791
6496794
6948288
10494777
12287147
12287148
12287153
12287155
13575502
17043835
21821224
34753655
313813
531738
2380503
4485457
4553804
8638840
9822034
18663444
20104877
20716390
20716391
20716392
26888206
26949433
28618101
29440581
924278
1013818
1013851
1014096
1629095
1633084
5947017
6704071
6705999
6706204
8340133
8756296
8756310
11406254
12479315
16184127
19746788
20444599
20517509
20518825
20518832
22064217
24225970
24225971
24225986
24229611
24229614
24229626
24229808
24233133
24233495
30243223
31468075
34751674
35066951
37372765
38710548
38710549
38710550
40287822
42234654
43558223
45492878
45664030
47002936
49582082
53500651
54654383
55312259
55314950
57250709
61760662
61760664
62036872
63086740
63089498
63387923
63653741
64122122
64122182
64125420
68382167
71345739
72459083
74184514
74322186
75947604
76736954
77489876
82079057
82508845
82513703
84628593
85525522
86450031
87109890
88221984
92664649
93624454
93628531
95192475
96725374
100068292
100071222
100072033
100072071
100587585
102976183
103499306
105155223
105156258
105156383
105156387
106045667
108436462
109947919
114664318
115972669
123842519
4276538
6692459
8410727
8539733
8539753
8539793
8540292
13755059
18122757
21386439
24963938
25174889
25613004
30547614
32537454
1433567
1931631
3025776
3251886
6099806
9716754
12097549
13499594
14622942
15664017
18371082
20067872
20093452
20093453
21814913
25629020
27686218
6570936
10769185
12393188
13269660
20432254
20859231
28261024
1637075
2097402
3875996
3876000
3876410
7044752
9965633
11101356
11101365
12386109
17127726
18267032
18267049
21411446
22933786
30185434
30185435
30854739
32013379
8441597
9971606
14885808
15004856
15123436
19122602
20564658
25530807
29109612
29109627
1186807
1797778
2484774
5000765
9056273
10042255
10042392
13096508
23604249
26564385
27120821
27120825
29215629
29215721
468037
2770488
2969681
4193887
6447877
10090309
11215034
14608212
15818005
25422794
28962433
28962556
2320685
13034684
15831678
16176160
16707643
18036315
18036423
18036448
25326043
27330679
27706809
757032
4010578
5004958
5098383
14154444
17700049
18144915
19768889
19769237
19999708
1287439
1471252
7233774
7234309
7234707
8584740
9781705
9781708
13372351
15240235
15240270
23496224
24739672
25744844
1713687
5991849
5994149
6786541
9202306
10336838
10593764
11777359
11780549
12669038
12669065
15033472
16782985
16786139
16786161
16787562
17276489
17714342
18063298
18063299
18063306
20505947
20505950
20509683
22576038
22605694
22606778
23124173
23971127
23971514
25049409
25050789
25052184
25052185
25052197
28460315
28852057
28852935
28852940
28852941
30156840
30161322
30593677
36269979
36860887
40050984
43191537
43191556
43197139
43409422
44108151
45454010
47136728
47136750
47136751
47136752
47142291
48285708
49583170
50287605
50288280
51511677
55295577
55295902
55298179
56998684
60253525
60253536
61262715
61262885
63067610
63122720
64854821
65580856
65953614
70355591
70355594
70355598
71038424
71173640
75589097
76088771
77368110
77368248
77706657
78845576
81680505
81684677
87285336
94840101
96251978
97881781
97885798
98518001
98521704
99253863
99254049
102452594
103961799
104869359
107035241
107035667
108649393
109828838
111494958
7251295
7672448
12360130
13279176
22148481
22602630
22602639
22714953
23369837
23370200
27481752
9989886
14289126
15763094
24832843
11087809
12637975
12776190
12776663
15512853
19665330
1014024
26296043
2759378
6834528
6846196
9605260
14928684
24810349
24810387
4257535
5555385
5856261
10274668
11420928
11421192
12408044
13411280
19919685
9487238
10930173
13627935
13627948
20512028
21943386
8400446
10875475
10875484
16272322
16272324
18643328
3406799
6943922
13320495
22386792
22839561
22839611
4075587
10131671
11053615
21053176
21053189
23507820
23507875
2461904
4696184
6929147
7917248
8318312
8319936
8321670
8779590
8937628
10132525
11439423
11439795
13221326
13940739
15436639
16903616
18006249
18540093
18544817
18655317
19026019
20802955
20803511
22303870
23490626
23492194
23492211
26516764
28039643
28039644
30973846
30973863
34513280
34513299
38235530
38235835
38236486
43859842
44137068
44137074
47185893
55536471
56075764
56729900
61171216
62465020
63769393
63769586
63769616
64475433
64475478
65336577
65336622
68316069
68318663
68352697
69567778
70320420
71054615
72181679
73603639
73607571
73759328
77405096
79536522
79536523
80308620
85279180
85280888
85281078
85308607
86598343
87928190
88534349
89175756
91403225
91411794
91412122
94758173
97507921
97507930
97509604
98886216
99047909
99786326
100502015
100664541
100868318
100868325
102545244
6373937
11364121
13166649
23838233
24287620
24288611
7303598
12108504
15551595
21046941
749754
4907285
8173272
8325245
12549539
18887895
19050846
21885190
577498
630434
2166418
3212364
3564896
3796327
4321239
17393296
19948455
13130765
16623834
17949474
3711720
11506373
1852170
1852180
3382027
11278707
19783258
3935232
6587595
8797985
3767307
5092326
7288428
7288431
13718656
18139310
18302264
8169228
15457943
16798873
491225
2342203
3956135
6959585
6960180
9476481
10934452
16628981
16631334
18323509
19077143
19174281
19585261
21671808
21673176
23688436
23690878
27388706
31570610
45197432
47356885
47356891
47357525
47357678
47359506
48407594
50034463
53866579
56298384
56902463
61735257
61740553
63424992
72090603
72566256
73494680
73583462
74770129
74770138
78831726
79604128
79604156
81261352
82106264
82973852
83712287
83712300
85118356
85118507
85842799
86924797
89406846
92051896
93515615
94046839
96786983
5248532
12381090
20092944
20979017
6030647
6147469
9195532
9561985
9994343
11311053
11539065
12484039
17616160
18104119
18244623
18244625
19841937
9637303
11178358
20868621
846388
846806
2264038
5221579
8745123
15854381
17025328
17025329
1858708
5537645
6002386
6006959
6007002
6924287
13771501
20029046
20029220
20509970
13450021
13450022
14657420
1847982
4560039
6620844
8870785
12345401
13736803
14031433
14999059
3192857
4263336
9035705
11369790
11370278
18677829
2525342
7437583
8673449
11271470
15557864
17215920
962479
962486
2552985
3055268
4874238
5357148
5357176
5566971
6020269
6642058
7001023
7001551
11454565
14230872
14230873
14230941
14782319
14783057
14783074
14789236
16760937
18966874
20882769
28290478
30594481
34434613
34434627
35056888
35056913
37432785
38627091
40812361
43930891
46314060
46314062
46694080
47687932
47689058
47692316
49581048
50406669
50785403
50785405
50785477
50785538
51694820
51695243
52577080
53694273
54433740
54961209
54961560
55387688
56622503
56623191
56623386
57742599
57853533
59381269
59459734
59539261
59539338
61425099
61425111
64917540
69747316
69747317
72152875
72153102
72153110
74556947
75560157
75617810
78137322
80700715
80700802
80700828
80700843
80703422
80703453
80704034
80706242
80706243
82492357
83780948
88086817
88549657
89629252
2555102
8368696
10586137
10658731
15727065
487808
11227849
14074379
14074447
14764374
1939774
3314189
12616332
18223269
1986238
2439398
3486890
4045561
1514755
3989972
4533591
12671336
13621138
13948581
13948604
13948626
13948772
13948799
4889766
6177056
4787266
16158672
17766121
8872968
14612379
2330538
2809850
3050582
3930529
5892863
5892875
13407684
13887007
13888129
15941939
18121198
18122325
28192097
30624479
30865105
31308480
32569651
32701765
33905226
34125513
34127734
36236086
36997761
37034427
37258948
37703073
37703092
37791953
37954655
38553780
38556442
38556871
38556945
38633899
41904032
44266675
44267044
44267654
44270623
44270626
44270630
44437461
46883043
47722366
48025628
48027761
48027764
50112913
51822224
51882929
55797021
56797469
56797526
56797527
58470253
60169229
65383339
69289250
69460513
72758026
74583313
75208901
77060453
77061370
77794937
78422348
79247729
80864444
80864451
80864456
80864463
81906211
83351186
83677298
85499194
15273395
17586556
1401000
10071835
2694818
9343193
9844784
855363
4021687
5842755
5842763
7126437
5137486
17418004
1926959
1927212
14569249
15520100
16069631
1370317
2267230
2267493
3728584
3730393
3730709
3755402
5072867
7926977
10814837
12537109
13757215
13803271
17803561
18275238
18602852
19894552
22356520
22356534
23272897
25819063
26459169
27129627
28548788
28941062
28941066
28941084
29151344
29183862
29185689
32996310
32999600
33401967
34077676
36950617
36951601
37578044
37578051
39852841
39910398
41078899
44841709
44926049
53298051
54418671
54419042
54419521
55448729
60253056
62255172
63438928
64030935
67543976
68172794
69409919
75492224
75730887
564030
564457
564459
564468
569254
569432
1838748
1838764
4421110
6420099
9640776
12892750
13524206
13926655
13928104
14850346
14998736
14998830
17184872
17424716
18808444
22936738
22948894
22949182
22950632
22955690
23255272
23364181
23405536
26395713
28265349
29938016
30101268
36049408
38183465
38313578
38380644
39375820
39378299
39378317
39378355
39380251
39436953
40120412
40365340
40473390
40734818
40749373
41255439
41494672
41495020
41732179
41834738
43341102
46309878
47766077
48013081
48014216
48727103
48727104
52274043
52274048
53274084
54197795
54199715
54200607
55481950
55484009
55940296
56302872
56929379
57805073
57805081
58296737
60284793
63073445
63079577
63081802
63081808
63081813
63081828
63082015
63082299
63083440
63084026
63084074
63090257
65154909
65240897
66325828
66646391
67499573
67992570
70780656
71347752
72305709
72305905
72305952
72308255
72310087
72360496
73242837
73920123
74244345
75863398
76481439
76933162
76934241
77333687
77623422
79493098
80117223
80120061
80124405
80264555
80705688
80705940
82058001
82398260
82398265
82398280
82924302
86897371
87090334
87935478
88246557
88822951
88843109
90591089
94817383
96275021
97011924
97450569
98168986
99092162
99370058
100435287
100583527
100856516
100864460
100906066
101204786
101902787
101905693
102923655
102947212
103182274
103204677
103205111
103371888
103373472
103373603
103379133
103385923
104630444
104630538
105253981
106451440
106451442
106452927
106455941
106655161
108184688
108210014
109450789
110542060
112233696
113179782
113473895
113801086
113803117
113819949
114552751
115837148
117308954
117408570
117408574
117408741
117524464
118080482
118215002
122156045
123273194
123422469
128181437
129973210
134750406
134750445
134895290
135046671
135046831
139296474
139763297
139767119
140105360
140717846
140717937
142609182
142609200
142802245
143475785
143484244
143487714
143798833
145672096
145751100
146275112
146282702
147724826
148234576
148897040
149458486
149601912
150864520
151603125
153594037
154599661
154599677
154910080
155252810
155252816
155252828
155252841
155252863
155252877
157069256
157414624
157862907
157878963
159212918
160459141
160745346
160930041
163156036
163157733
165124910
165124926
165983886
166200139
166559216
168398613
169557411
172238516
173946048
175939731
177047711
177299286
178331022
181164810
181452200
181700457
182932659
183213666
187380911
187557105
189040555
189166857
189420636
189424846
190580798
190599474
191663573
192613315
194919811
194923595
197614653
198060508
198064779
198064786
198064828
198064876
201356378
202240673
202240724
202242408
202342607
202376792
202376827
202675387
203407031
207766606
213422273
215514598
217868809
219515258
220026726
220094751
220094752
220098940
221440016
222524187
222531663
222533834
222537628
223985099
225067285
229758995
229759762
230037693
230127924
230882290
231018102
232161745
232161749
232166028
232426926
232891653
234460402
239090269
240572010
241085490
241297188
244542125
245627204
163186
164640
400646
5123216
10837639
10994554
12428915
15805443
17645079
17728227
17730374
20261321
20267403
21223314
30726253
31208552
31211654
33080851
34397932
39753164
40641820
42016286
48079577
55869309
57539374
58511018
63655116
65168359
65265936
70754525
71450083
71450091
71450909
72005633
72005783
75152011
75185102
75498917
75498923
75499576
77743104
77984132
78094101
