11981348
11981356
32969112
51793129
63861102
66053945
66379327
66694086
70909191
71494605
652793
652807
23359819
60938590
5774978
11412513
16449475
12713396
22778418
37380542
61888852
64645706
64646107
64698458
7852390
10211149
26675905
36878692
62294991
18434030
27078581
51726815
23567172
26596391
14563124
14610032
33498261
42639282
43293213
3213915
10890557
28912320
30722223
31328522
31671178
33775742
36198173
44256810
54511378
61348470
66662657
73488136
74909409
85252549
89263756
90034161
92028665
98148040
98148044
99690794
99690795
112701590
117643464
120080524
147262954
168752831
172130891
173271524
12534297
12534299
12854731
34129885
36616601
51292674
15083821
32301528
49239199
51507124
51964353
52181872
7597665
7597678
13917237
1865805
4716362
4716378
5494672
10206201
14600541
15253020
15662936
15662938
17623560
19245234
22512063
24478115
27715097
27787090
28278554
31162464
33761267
39159840
39686248
40329034
50912274
51878730
52059150
55301313
56086835
61996623
63511600
66303151
66303168
69291068
70196137
71619722
74228699
74471127
76365699
77173970
90114747
90114753
94601436
95987425
95987426
95987443
97808332
100690998
100691021
101210852
104644489
104694345
105993240
105993256
114936467
115122869
121018628
127461708
141985498
147749755
148097624
155156577
158058609
158377953
158865076
158865078
166848257
171893895
174574781
175363468
175815825
182135992
184574180
186072785
212322296
212322299
220805720
221327548
223504508
224915107
242351363
242836616
242851133
242864676
242864696
255581050
259033423
259702717
259705890
265134030
265564183
268564824
294169647
295898316
336782673
337290079
347507670
353089711
379673012
380710934
402182354
408642316
408642624
428131022
433636422
433640303
446402646
446441160
450821512
452490448
483209674
484734896
489298677
493990268
508863413
8174704
18731853
18937058
19288257
38822066
24814987
39826426
46000668
14835956
25098717
6436018
12262724
18631207
26465845
41923483
20040622
25994096
3108265
10934580
10934581
17705757
20299493
26997975
37031176
42517018
56984681
111012834
137015686
137028869
5574899
9796901
33049470
9710514
13869689
16699782
7156846
32655775
1681196
9113066
18816408
8590408
17248176
25608278
17168205
531738
19746788
22064217
24225970
24225971
30243223
31468075
55314950
64125420
76736954
82508845
92664649
100587585
114664318
115972669
20093452
20093453
21814913
9965633
17127726
18267032
15004856
20564658
13096508
13034684
757032
5004958
1287439
7234309
8584740
9781705
12669038
36860887
43191556
44108151
47136751
47136752
50288280
63067610
71038424
76088771
77368248
77706657
81680505
94840101
23369837
14289126
15763094
5555385
16272322
16272324
18643328
22386792
4075587
10131671
2461904
8318312
13940739
18544817
38235530
65336577
68352697
69567778
73603639
11506373
1852170
1852180
7288428
3956135
6960180
10934452
21671808
47357678
53866579
56902463
74770129
20092944
9195532
6007002
13771501
14999059
11369790
962486
46314062
47689058
49581048
50785477
53694273
59459734
80704034
8368696
3314189
13621138
13948581
4889766
3930529
28192097
38556945
41904032
44270630
51882929
72758026
75208901
3730393
7926977
25819063
29183862
29185689
34077676
36950617
37578044
44841709
55448729
9640776
12892750
22955690
38380644
40734818
41255439
41834738
55940296
56929379
57805081
63082015
73920123
80705940
88246557
97450569
100864460
103385923
108184688
113819949
118080482
142609200
147724826
154599677
155252816
177299286
181164810
181452200
181700457
192613315
197614653
202376827
220094751
220094752
225067285
231018102
232161745
232161749
