'rkc_snps'  !Dataset name
'rkc_colony'  !Output file name
43         ! Number of offspring in the sample
263        ! Number of loci
100        ! Seed for random number generator
0          ! 0/1=Not updating/updating allele frequency
2          ! 2/1=Dioecious/Monoecious species
0          ! 0/1=No inbreeding/inbreeding
0          ! 0/1=Diploid species/HaploDiploid species
0  0       ! 0/1=Polygamy/Monogamy for males & females
0          ! 0/1=Clone inference =No/Yes
0          ! 0/1=Full sibship size scaling =No/Yes
0          ! 0,1,2,3=No,weak,medium,strong sibship size prior; mean paternal & meteral sibship size
0          ! 0/1=Unknown/Known population allele frequency
1         ! Number of runs
2         ! Length of run
0         ! 0/1=Monitor method by Iterate#/Time in second
100000    ! Monitor interval in Iterate# / in seconds
0         ! non-Windows version
1         ! Fulllikelihood
3         ! 1/2/3=low/medium/high Precision for Full likelihood

V@        !Marker names
0@        !Marker types, 0/1 = codominant/dominant
0.000@    !Allelic dropout rate
0.0001@   !false allele rate

OTank_10_Crab_1 1 1 2 1 2 2 2 2 2 2 2 2 1 1 0 0 2 2 1 1 2 2 2 2 2 1 1 1 2 2 2 2 2 1 2 2 1 1 2 2 2 1 2 2 1 1 1 1 2 1 2 1 2 2 1 1 2 2 2 2 2 2 1 1 2 2 1 1 2 2 0 0 2 2 2 2 2 1 2 2 1 1 0 0 1 1 1 1 2 1 1 1 1 1 1 1 2 2 2 2 0 0 2 2 1 1 1 1 2 2 1 1 2 2 2 2 2 1 2 2 0 0 1 1 2 1 1 1 1 1 2 2 1 1 2 2 1 1 1 1 0 0 2 2 2 1 2 2 2 1 1 1 0 0 2 2 2 1 2 1 2 1 2 1 2 2 2 2 2 2 2 1 2 1 2 2 2 2 2 1 1 1 2 1 1 1 2 2 0 0 2 2 2 2 1 1 2 2 2 1 2 2 2 2 2 1 1 1 1 1 0 0 1 1 2 1 2 2 2 2 0 0 0 0 1 1 2 1 0 0 2 1 2 1 1 1 2 1 1 1 0 0 2 2 2 1 2 2 2 2 0 0 2 2 2 1 1 1 1 1 1 1 2 2 0 0 0 0 2 2 2 2 1 1 2 2 2 1 2 2 2 2 1 1 2 2 0 0 2 1 2 2 1 1 1 1 1 1 2 1 2 1 0 0 2 2 2 1 1 1 1 1 2 2 2 2 1 1 1 1 0 0 2 2 2 2 1 1 2 2 2 2 1 1 2 2 2 2 0 0 1 1 2 2 2 2 1 1 1 1 2 1 0 0 0 0 1 1 1 1 2 2 2 2 2 2 2 2 2 2 1 1 2 1 2 1 2 1 2 1 2 2 1 1 2 1 2 2 0 0 2 1 2 1 1 1 2 2 2 1 2 1 2 2 2 2 2 2 1 1 0 0 2 1 2 2 2 2 2 2 2 2 1 1 1 1 2 2 1 1 1 1 2 1 1 1 1 1 1 1 2 2 2 1 2 2 2 1 2 1 2 2 2 2 1 1 1 1 2 1 2 1 2 2 2 2 2 2 2 2 2 2 1 1 2 2 2 2 2 1 1 1 2 1 2 2 1 1 2 1 0 0 2 2 2 1 2 2 2 2 2 2 2 2 0 0 1 1 2 2 2 2 1 1 2 1 2 2 2 1 2 2 1 1 2 1
OTank_10_Crab_2 0 0 2 2 0 0 0 0 2 2 1 1 0 0 1 1 2 2 0 0 1 1 0 0 2 2 1 1 2 2 0 0 2 2 1 1 0 0 0 0 1 1 2 2 1 1 0 0 2 1 0 0 0 0 0 0 2 2 2 1 2 2 2 1 1 1 1 1 2 2 0 0 1 1 2 2 0 0 2 2 0 0 0 0 1 1 0 0 1 1 2 2 1 1 1 1 1 1 0 0 2 2 2 2 1 1 0 0 0 0 1 1 0 0 2 2 0 0 2 2 1 1 2 2 0 0 0 0 1 1 1 1 2 2 1 1 1 1 2 2 1 1 0 0 2 2 0 0 0 0 2 1 2 2 0 0 2 2 1 1 0 0 2 2 2 2 1 1 1 1 2 2 1 1 0 0 2 2 2 2 0 0 1 1 2 2 2 2 0 0 0 0 0 0 2 2 0 0 0 0 2 2 2 2 1 1 2 2 2 2 2 2 0 0 1 1 1 1 0 0 0 0 2 2 0 0 2 2 0 0 0 0 1 1 2 2 2 2 2 2 2 2 1 1 2 2 0 0 0 0 1 1 1 1 0 0 2 2 0 0 0 0 2 2 2 2 2 2 1 1 1 1 1 1 2 2 2 2 2 2 2 2 0 0 0 0 2 2 0 0 2 2 0 0 1 1 0 0 2 2 2 2 0 0 0 0 0 0 2 2 1 1 0 0 0 0 0 0 0 0 2 2 0 0 1 1 2 2 2 2 2 2 0 0 1 1 2 2 1 1 0 0 1 1 2 2 1 1 2 2 1 1 2 2 2 1 2 2 0 0 2 2 1 1 0 0 2 2 2 2 0 0 0 0 1 1 0 0 0 0 2 2 2 2 0 0 1 1 2 2 0 0 0 0 2 2 2 2 2 2 2 2 2 2 2 2 1 1 1 1 1 1 2 2 2 1 2 2 0 0 1 1 1 1 0 0 2 2 2 2 2 2 0 0 0 0 0 0 2 2 2 2 2 1 2 2 1 1 0 0 0 0 1 1 2 1 2 2 2 2 2 2 0 0 2 2 2 2 1 1 2 2 0 0 0 0 2 2 2 2 0 0 2 2 2 2 1 1 2 2 0 0 2 2 2 2 2 2 2 2 2 2 0 0 1 1 0 0 2 2 1 1 0 0 2 2 2 2 2 2 2 2 0 0 0 0
OTank_10_Crab_3 0 0 2 2 0 0 2 2 1 1 1 1 2 2 2 2 1 1 1 1 2 1 2 2 1 1 2 1 2 1 2 1 0 0 0 0 2 2 2 2 2 1 2 2 2 1 1 1 2 1 2 2 1 1 2 2 2 2 2 1 1 1 2 2 2 1 0 0 2 2 1 1 1 1 1 1 2 1 1 1 1 1 2 2 1 1 2 2 2 2 2 2 1 1 2 1 2 1 2 2 2 2 1 1 1 1 2 1 1 1 1 1 2 2 2 1 2 2 1 1 1 1 2 2 2 2 2 2 2 1 2 2 1 1 0 0 2 1 2 2 1 1 2 2 2 1 2 2 1 1 1 1 2 1 2 1 2 1 2 1 1 1 2 2 2 2 1 1 2 2 1 1 1 1 1 1 2 1 1 1 2 1 2 2 2 2 2 2 1 1 2 2 0 0 1 1 2 2 2 2 2 2 2 2 1 1 2 1 2 1 1 1 1 1 1 1 2 2 2 2 2 2 2 1 2 2 0 0 2 2 2 1 0 0 1 1 2 2 2 2 1 1 1 1 0 0 2 2 2 2 0 0 2 2 1 1 2 2 1 1 2 2 2 2 2 1 1 1 1 1 2 1 2 2 2 2 1 1 2 1 1 1 2 2 0 0 0 0 1 1 1 1 2 1 2 2 2 2 2 2 1 1 0 0 2 2 1 1 2 2 2 2 0 0 1 1 2 2 1 1 2 2 2 1 2 2 2 2 1 1 2 1 1 1 1 1 2 2 2 1 2 2 2 2 1 1 2 2 2 2 0 0 2 1 0 0 2 2 2 2 2 1 2 1 1 1 2 2 2 1 2 1 1 1 1 1 2 2 2 1 1 1 0 0 1 1 1 1 1 1 2 2 2 2 2 2 2 2 2 1 1 1 2 1 2 1 1 1 2 2 1 1 2 2 2 1 1 1 1 1 2 1 2 2 1 1 2 2 1 1 1 1 2 1 1 1 2 2 2 2 2 2 2 1 0 0 2 1 2 1 0 0 1 1 2 1 1 1 1 1 2 2 1 1 2 2 2 2 1 1 1 1 2 2 1 1 2 2 1 1 2 1 1 1 2 2 1 1 2 2 2 2 1 1 0 0 2 2 2 2 1 1 2 1 2 2 1 1 2 2 1 1 2 2 2 2 0 0 2 2 2 1 1 1 1 1
OTank_11_Crab_1 0 0 2 2 2 2 2 2 2 2 1 1 2 2 0 0 2 2 2 2 0 0 2 2 1 1 2 1 1 1 2 1 2 1 2 1 1 1 2 2 2 1 2 2 2 1 1 1 2 2 2 2 2 1 0 0 2 2 2 1 2 1 2 2 1 1 2 1 1 1 1 1 2 2 0 0 2 2 1 1 2 1 2 1 1 1 2 2 1 1 1 1 1 1 2 1 2 1 2 2 2 1 2 2 1 1 1 1 2 2 2 1 2 1 2 2 2 2 2 2 2 2 2 2 2 2 2 2 0 0 2 2 2 2 0 0 2 2 2 1 1 1 1 1 2 2 2 1 2 2 1 1 2 1 2 1 2 1 1 1 2 1 0 0 2 2 2 1 2 2 1 1 1 1 2 2 2 1 1 1 2 2 2 2 1 1 2 2 2 2 2 2 2 1 1 1 1 1 1 1 2 2 1 1 2 2 1 1 1 1 0 0 2 1 2 2 2 2 1 1 2 1 1 1 2 2 1 1 1 1 2 2 1 1 2 2 2 2 2 2 1 1 2 1 2 2 2 2 1 1 2 2 0 0 1 1 1 1 1 1 2 2 2 2 1 1 0 0 1 1 2 2 1 1 2 2 2 1 2 2 1 1 2 2 2 1 2 1 2 1 2 2 2 2 2 2 2 2 2 2 1 1 2 2 2 2 1 1 2 1 2 2 2 2 2 2 2 2 2 1 2 2 1 1 2 1 2 2 2 2 2 2 2 1 1 1 2 2 1 1 0 0 2 1 1 1 1 1 1 1 1 1 2 2 1 1 1 1 1 1 2 2 2 2 1 1 2 1 2 1 2 1 1 1 0 0 1 1 2 1 2 1 0 0 1 1 2 2 2 1 2 2 2 2 2 2 1 1 1 1 2 1 1 1 1 1 1 1 2 1 1 1 2 2 2 1 2 1 1 1 1 1 2 1 0 0 2 2 2 2 1 1 2 2 1 1 2 1 2 1 2 2 1 1 2 2 1 1 2 1 0 0 1 1 2 1 1 1 2 1 2 2 1 1 2 2 0 0 2 1 2 2 2 2 2 1 2 2 0 0 1 1 2 2 1 1 1 1 2 2 2 2 1 1 2 1 2 2 1 1 0 0 1 1 2 2 1 1 0 0 1 1 2 1 1 1 2 1 2 1 2 2 2 1 1 1
OTank_11_Crab_2 0 0 2 2 1 1 0 0 2 2 2 2 2 2 1 1 1 1 1 1 2 1 2 1 2 1 1 1 2 2 2 2 1 1 1 1 2 2 2 2 2 1 2 2 1 1 1 1 2 2 2 2 2 2 1 1 2 2 2 1 2 1 1 1 2 1 1 1 2 2 1 1 2 1 2 2 2 2 2 2 1 1 1 1 2 1 2 1 2 1 2 1 0 0 2 1 2 2 1 1 2 2 2 2 2 1 0 0 2 2 1 1 2 2 2 2 2 2 2 2 1 1 0 0 2 2 2 2 1 1 2 2 1 1 2 2 1 1 0 0 2 2 2 1 2 2 2 2 1 1 1 1 0 0 2 1 1 1 0 0 2 2 0 0 1 1 1 1 0 0 2 2 2 1 0 0 2 1 2 2 2 2 1 1 2 1 2 2 2 2 2 2 2 2 1 1 2 2 2 2 2 1 1 1 2 2 2 2 2 2 2 2 2 1 2 2 2 2 1 1 2 2 2 1 2 2 2 2 2 2 1 1 2 2 2 2 2 2 1 1 2 2 2 2 2 1 2 2 2 2 2 1 2 2 1 1 2 2 2 2 2 2 2 2 2 2 2 1 2 2 2 2 2 1 2 2 2 2 0 0 2 2 2 1 2 1 2 1 2 2 2 2 2 2 0 0 2 1 1 1 2 2 2 2 2 2 2 2 2 1 1 1 2 1 1 1 2 1 1 1 1 1 1 1 2 2 0 0 0 0 1 1 1 1 2 2 2 2 2 2 1 1 2 2 0 0 0 0 2 2 2 1 1 1 2 2 2 2 2 1 2 1 2 1 2 2 2 2 2 2 2 1 2 2 2 2 2 1 2 2 2 2 1 1 0 0 1 1 2 2 2 1 2 2 2 2 2 1 1 1 2 2 2 2 1 1 2 2 1 1 0 0 2 2 1 1 2 2 1 1 2 2 2 2 1 1 1 1 1 1 1 1 2 2 0 0 1 1 2 1 2 1 1 1 2 2 2 2 1 1 2 2 2 2 2 1 2 2 2 2 0 0 2 2 2 2 2 2 1 1 1 1 2 2 2 1 2 1 0 0 0 0 2 2 1 1 2 2 1 1 1 1 2 2 2 2 1 1 1 1 1 1 1 1 2 1 2 2 2 1 0 0 1 1 2 2 2 2 0 0 2 1 2 2 2 1
OTank_11_Crab_3 0 0 2 2 2 2 1 1 2 2 2 2 0 0 1 1 2 2 2 1 2 1 2 1 2 2 1 1 2 1 2 1 2 1 2 2 1 1 2 1 2 1 2 2 2 2 1 1 2 1 2 1 2 2 2 2 2 2 0 0 2 2 1 1 2 2 1 1 1 1 1 1 1 1 2 2 2 1 2 2 2 1 2 2 1 1 1 1 1 1 2 2 2 1 2 1 2 2 2 2 1 1 2 2 1 1 1 1 2 2 2 1 2 2 2 2 2 1 2 2 2 2 1 1 2 2 1 1 2 1 2 2 1 1 2 2 2 1 1 1 2 2 2 2 1 1 2 2 0 0 2 1 1 1 2 2 2 2 2 1 2 1 2 1 2 2 1 1 2 2 1 1 2 1 1 1 2 1 2 1 1 1 2 1 2 1 2 1 0 0 1 1 2 2 1 1 2 2 2 1 2 1 2 2 1 1 2 2 2 2 1 1 2 1 2 1 2 1 2 1 2 1 2 2 1 1 1 1 1 1 1 1 2 2 1 1 2 2 2 1 2 2 2 2 2 2 1 1 0 0 1 1 2 1 0 0 2 1 2 1 1 1 2 1 2 2 2 2 2 2 2 2 2 1 2 2 2 1 2 2 1 1 1 1 2 1 2 2 2 2 2 2 2 1 1 1 1 1 2 2 1 1 2 1 2 2 1 1 2 2 2 2 1 1 0 0 2 1 2 2 2 2 0 0 1 1 2 2 2 1 1 1 1 1 2 2 2 1 2 1 1 1 1 1 2 2 1 1 2 1 2 2 2 1 2 1 1 1 1 1 2 2 2 2 2 2 2 1 1 1 2 1 1 1 2 2 1 1 2 2 2 2 1 1 2 2 2 1 1 1 2 1 2 2 2 2 2 2 1 1 1 1 2 1 2 2 2 2 1 1 2 1 2 2 2 1 0 0 2 2 2 2 1 1 2 1 1 1 2 2 2 2 1 1 1 1 2 1 2 1 2 2 1 1 1 1 2 1 2 2 0 0 2 2 2 1 1 1 2 1 2 1 2 1 2 2 2 2 2 1 0 0 1 1 2 1 2 2 2 1 2 2 1 1 2 2 2 2 2 2 0 0 0 0 2 1 2 1 2 2 2 2 2 1 2 2 0 0 1 1 2 1 1 1 2 2 2 1 1 1 1 1 1 1 2 1
OTank_13_Crab_1 2 2 0 0 2 1 2 1 1 1 2 1 1 1 2 2 2 2 2 2 2 2 1 1 2 1 1 1 2 2 1 1 1 1 2 2 2 2 1 1 2 1 2 2 2 1 2 2 2 1 2 1 2 1 1 1 1 1 2 2 1 1 1 1 2 2 1 1 2 2 1 1 2 1 2 2 2 1 2 2 1 1 1 1 1 1 2 2 2 1 2 2 1 1 2 1 2 2 2 2 2 1 2 2 2 2 2 2 1 1 2 2 2 1 2 2 2 2 2 2 1 1 1 1 1 1 2 1 2 1 2 2 1 1 0 0 2 2 2 1 1 1 1 1 2 2 2 2 0 0 0 0 2 2 2 1 2 1 2 1 1 1 1 1 2 1 2 2 2 2 2 1 1 1 2 1 2 2 2 1 1 1 2 2 1 1 1 1 2 2 2 1 1 1 2 2 2 1 1 1 2 2 0 0 1 1 2 2 2 1 1 1 2 1 2 1 2 1 2 2 2 2 2 2 1 1 2 1 2 2 2 2 2 1 2 2 1 1 2 2 1 1 2 1 2 2 2 2 2 2 2 1 2 2 1 1 2 2 1 1 2 2 2 2 2 1 2 2 2 2 2 2 2 2 2 1 0 0 1 1 2 2 1 1 2 2 2 2 2 2 1 1 0 0 2 1 1 1 2 2 1 1 1 1 2 2 2 2 2 2 2 2 2 1 2 2 2 1 2 2 2 1 2 2 1 1 2 2 1 1 2 2 2 2 2 1 1 1 2 1 1 1 2 2 2 1 2 2 2 1 2 1 1 1 2 2 2 1 1 1 2 1 1 1 2 1 2 2 2 2 1 1 1 1 2 2 2 2 2 2 2 2 2 2 1 1 2 2 2 1 0 0 2 2 1 1 1 1 2 2 2 2 1 1 1 1 2 2 2 1 1 1 2 2 1 1 2 2 2 2 1 1 1 1 2 2 1 1 2 1 2 1 1 1 1 1 2 1 2 2 1 1 2 2 2 1 2 1 2 2 2 1 0 0 1 1 2 1 1 1 2 1 1 1 2 2 2 1 2 1 2 2 2 1 2 1 2 1 1 1 1 1 2 2 1 1 1 1 2 1 2 1 2 1 2 2 2 1 2 2 1 1 1 1 2 2 1 1 1 1 2 2 1 1 2 2 1 1 1 1 2 1 1 1 2 1
OTank_13_Crab_2 1 1 1 1 2 2 1 1 1 1 2 1 2 2 2 1 2 1 2 2 2 2 2 2 0 0 2 1 2 2 2 1 2 1 1 1 2 2 1 1 2 1 2 2 2 1 1 1 2 1 2 1 1 1 1 1 2 1 2 2 2 1 2 1 1 1 1 1 2 2 1 1 2 2 0 0 2 1 1 1 1 1 1 1 2 2 2 1 1 1 2 2 2 1 2 1 2 1 2 1 2 2 2 2 2 1 2 1 2 2 1 1 1 1 1 1 2 1 1 1 2 2 2 2 1 1 1 1 2 1 0 0 2 2 1 1 2 2 2 2 2 2 2 1 1 1 1 1 2 2 1 1 2 2 2 2 2 2 2 2 2 2 2 1 2 2 1 1 0 0 2 2 2 1 2 1 2 1 2 1 2 2 1 1 2 1 2 2 2 1 1 1 1 1 0 0 0 0 1 1 2 1 2 1 2 2 1 1 1 1 2 1 2 1 1 1 2 1 1 1 1 1 2 2 1 1 1 1 1 1 2 2 2 1 1 1 0 0 2 2 2 1 2 2 1 1 2 1 1 1 1 1 1 1 1 1 2 1 2 1 2 1 0 0 2 1 2 1 2 1 0 0 2 1 2 2 1 1 2 1 1 1 2 2 2 2 1 1 2 2 1 1 1 1 2 1 1 1 2 2 2 2 1 1 2 2 1 1 2 2 1 1 1 1 2 2 2 1 2 2 2 1 1 1 1 1 2 2 1 1 1 1 1 1 2 2 2 2 1 1 1 1 2 2 1 1 1 1 2 2 2 1 1 1 2 2 2 2 1 1 1 1 2 2 2 2 1 1 1 1 1 1 2 2 2 1 1 1 2 1 2 2 1 1 2 2 2 2 2 2 2 2 1 1 2 2 2 1 2 2 2 2 2 1 2 2 1 1 1 1 2 2 2 2 2 2 0 0 1 1 0 0 2 1 2 2 2 2 1 1 2 2 2 2 2 2 2 1 2 1 2 2 1 1 2 2 1 1 2 2 2 2 1 1 2 1 2 2 2 2 2 1 2 2 2 1 2 1 2 1 2 2 2 2 2 2 2 1 2 2 0 0 1 1 2 2 2 2 2 2 1 1 2 2 2 1 2 1 1 1 2 2 1 1 2 2 2 2 2 2 2 1 2 1 1 1 1 1 1 1 2 1 2 2 1 1
OTank_13_Crab_3 1 1 2 2 2 2 2 1 1 1 1 1 2 2 1 1 1 1 2 2 2 1 2 2 1 1 0 0 1 1 1 1 2 1 2 2 2 2 0 0 2 2 0 0 2 2 2 2 1 1 1 1 2 1 2 2 2 2 0 0 2 2 2 2 1 1 0 0 1 1 0 0 2 1 1 1 2 2 2 2 0 0 0 0 2 1 2 2 1 1 2 1 1 1 2 1 0 0 2 2 0 0 2 2 1 1 1 1 1 1 0 0 1 1 1 1 1 1 2 1 2 2 2 2 0 0 2 2 2 1 2 2 2 2 1 1 1 1 2 2 1 1 2 2 2 1 2 2 1 1 1 1 2 1 2 1 0 0 2 1 2 2 2 2 2 2 1 1 1 1 0 0 1 1 1 1 2 2 1 1 1 1 2 2 2 1 2 2 1 1 2 2 2 2 1 1 0 0 2 1 2 1 2 2 1 1 1 1 2 2 0 0 2 1 1 1 1 1 2 2 2 2 2 1 2 2 1 1 2 2 1 1 1 1 1 1 2 1 2 2 2 2 1 1 2 2 2 2 2 2 1 1 2 2 0 0 2 2 1 1 2 2 2 2 2 1 1 1 1 1 2 2 1 1 2 2 2 1 1 1 2 1 2 2 1 1 2 2 2 1 2 1 2 1 2 2 2 2 2 2 1 1 2 2 2 1 1 1 2 2 2 2 2 2 2 2 2 2 2 2 2 2 2 1 2 2 1 1 2 2 2 2 2 2 0 0 1 1 2 2 0 0 2 1 2 1 2 2 0 0 1 1 1 1 1 1 0 0 1 1 2 2 2 2 2 1 2 2 1 1 1 1 1 1 2 1 2 2 2 2 0 0 1 1 2 2 2 2 2 2 0 0 2 2 2 2 2 1 2 1 0 0 1 1 1 1 1 1 2 1 1 1 2 1 2 1 2 1 2 2 1 1 0 0 2 1 2 2 2 2 2 2 2 2 1 1 1 1 2 2 2 2 2 1 2 2 2 2 1 1 2 1 1 1 2 1 2 2 2 1 2 2 1 1 2 1 1 1 1 1 1 1 2 2 1 1 2 2 2 1 2 1 2 1 1 1 2 1 2 2 2 2 1 1 2 1 0 0 1 1 1 1 2 1 2 2 2 2 0 0 1 1 1 1 2 1 0 0 0 0 2 1 1 1 1 1
OTank_15_Crab_1 1 1 2 2 1 1 0 0 2 2 2 1 2 2 1 1 2 1 1 1 1 1 2 2 1 1 2 2 2 2 2 1 0 0 2 2 2 1 2 2 1 1 2 2 2 2 1 1 2 2 2 1 1 1 2 2 2 2 2 2 2 2 2 2 2 1 2 2 2 2 1 1 0 0 1 1 2 2 1 1 0 0 2 2 2 2 2 1 2 2 2 1 2 1 1 1 0 0 1 1 1 1 2 1 2 2 2 2 2 2 2 2 1 1 1 1 2 2 2 2 1 1 2 2 1 1 1 1 2 2 1 1 2 2 1 1 2 2 2 2 1 1 1 1 2 1 1 1 1 1 2 1 2 2 2 2 2 2 2 2 0 0 2 2 2 2 1 1 1 1 2 2 2 1 2 1 1 1 2 2 2 2 2 2 2 2 1 1 2 2 0 0 2 2 1 1 1 1 2 2 0 0 1 1 2 1 2 2 2 2 2 2 2 1 2 2 2 2 2 2 2 2 1 1 1 1 0 0 0 0 1 1 2 1 2 1 2 1 2 1 0 0 2 2 2 2 2 2 1 1 1 1 1 1 2 1 2 2 2 1 0 0 1 1 2 2 2 2 2 2 1 1 2 1 2 1 1 1 1 1 2 2 1 1 2 2 2 2 2 2 1 1 0 0 1 1 2 2 2 2 2 2 2 2 2 1 1 1 1 1 2 2 2 2 1 1 2 1 2 2 0 0 1 1 2 1 1 1 2 1 0 0 1 1 2 2 1 1 2 1 0 0 1 1 2 2 2 2 2 2 2 2 0 0 0 0 2 2 2 1 2 2 2 2 1 1 0 0 1 1 1 1 2 1 2 1 2 2 1 1 2 2 2 2 1 1 1 1 2 1 2 2 2 1 1 1 2 1 2 2 2 2 2 2 2 2 1 1 2 1 2 1 2 1 2 2 2 2 2 2 2 2 2 2 2 2 0 0 2 2 2 2 2 2 2 2 2 1 2 2 0 0 1 1 2 1 1 1 2 1 2 2 2 1 2 1 2 2 0 0 0 0 1 1 1 1 1 1 1 1 2 2 1 1 1 1 2 1 2 2 2 2 1 1 2 1 0 0 1 1 0 0 2 1 2 1 2 2 0 0 1 1 2 2 2 1 1 1 1 1 1 1 2 1 1 1 2 2 1 1 2 1 2 2 0 0
OTank_15_Crab_2 1 1 1 1 2 2 2 2 0 0 2 2 1 1 2 2 2 2 2 2 0 0 1 1 2 2 1 1 2 2 2 2 2 1 2 1 0 0 1 1 0 0 1 1 2 2 1 1 2 2 1 1 1 1 1 1 2 2 1 1 0 0 2 2 2 2 1 1 0 0 1 1 2 2 1 1 2 1 2 2 2 1 1 1 2 2 2 2 2 1 0 0 1 1 1 1 1 1 2 1 2 2 2 2 2 2 1 1 1 1 2 2 2 2 2 2 1 1 2 2 0 0 2 2 1 1 2 2 2 2 2 2 2 2 1 1 2 2 2 2 1 1 1 1 2 1 2 1 1 1 2 2 2 2 0 0 2 2 1 1 2 2 2 2 2 2 1 1 1 1 0 0 2 1 2 1 1 1 2 2 0 0 2 2 1 1 2 2 2 2 2 2 1 1 1 1 2 2 2 2 2 2 2 1 2 2 2 2 1 1 2 2 1 1 2 1 2 2 2 2 1 1 2 2 2 2 1 1 2 2 1 1 2 1 2 2 1 1 1 1 2 2 1 1 0 0 1 1 2 2 0 0 2 2 1 1 2 2 2 2 0 0 2 2 0 0 2 2 1 1 2 2 2 2 2 2 2 1 2 2 2 2 0 0 2 1 2 2 2 2 2 2 2 1 2 2 1 1 2 2 2 2 0 0 2 2 2 2 2 2 1 1 2 2 0 0 1 1 1 1 2 2 2 1 2 1 1 1 1 1 2 1 1 1 0 0 2 2 2 2 2 2 1 1 1 1 2 2 1 1 0 0 1 1 2 2 2 2 2 1 1 1 0 0 2 2 2 2 0 0 2 1 2 2 2 2 2 2 2 1 0 0 2 2 2 2 0 0 1 1 2 1 2 2 2 2 0 0 2 2 0 0 2 2 1 1 1 1 2 2 2 2 1 1 2 2 1 1 2 2 2 2 2 2 2 2 2 1 2 2 2 2 2 2 2 1 1 1 2 1 1 1 1 1 1 1 2 2 2 2 2 1 2 1 1 1 2 2 2 1 2 2 1 1 2 2 1 1 2 2 2 2 2 2 2 2 2 2 2 2 2 2 1 1 2 2 2 2 2 2 2 2 2 1 0 0 1 1 2 2 0 0 1 1 2 2 2 1 2 2 1 1 1 1 2 2 2 2 1 1 2 2 1 1 1 1
OTank_15_Crab_3 2 2 2 2 1 1 2 2 2 2 0 0 2 2 2 2 2 2 2 1 1 1 0 0 2 1 2 1 2 2 2 1 2 1 2 2 2 2 2 2 2 1 1 1 2 1 1 1 2 1 2 2 2 1 2 2 1 1 2 2 2 1 2 2 2 1 2 1 2 1 1 1 1 1 2 1 2 2 1 1 2 1 1 1 1 1 2 2 1 1 2 1 2 1 2 1 2 1 2 1 1 1 1 1 1 1 1 1 1 1 2 1 2 1 0 0 2 2 2 1 2 1 2 2 1 1 2 2 2 2 2 2 1 1 1 1 2 2 1 1 1 1 2 2 2 2 1 1 1 1 0 0 2 1 2 1 1 1 2 1 2 2 2 2 2 1 1 1 0 0 1 1 2 1 2 2 2 2 1 1 2 2 2 2 2 1 2 2 2 2 2 2 2 1 1 1 2 2 2 2 1 1 2 2 1 1 2 2 2 1 2 2 1 1 0 0 1 1 1 1 2 2 1 1 2 2 2 2 2 1 1 1 1 1 1 1 1 1 0 0 2 1 1 1 1 1 2 2 2 2 2 1 1 1 1 1 2 2 2 1 2 2 2 2 2 1 1 1 2 1 2 2 0 0 2 2 0 0 1 1 0 0 2 2 1 1 2 2 1 1 2 1 1 1 0 0 2 2 2 1 2 1 1 1 2 2 1 1 2 2 1 1 2 1 2 1 2 2 2 2 2 2 1 1 2 2 1 1 1 1 2 1 1 1 2 1 1 1 1 1 2 2 2 2 1 1 2 2 1 1 2 2 2 2 0 0 1 1 2 1 2 1 2 1 1 1 2 1 2 1 2 1 1 1 2 2 1 1 2 2 1 1 1 1 2 2 2 1 2 2 2 2 2 2 2 2 2 1 2 2 1 1 2 2 2 1 1 1 1 1 2 2 2 2 2 1 1 1 1 1 1 1 2 1 2 2 2 1 2 2 2 2 2 1 1 1 2 2 2 2 2 2 2 2 2 2 2 1 2 1 1 1 2 1 2 1 2 2 1 1 2 2 1 1 2 2 1 1 2 2 2 2 2 2 1 1 2 2 2 2 1 1 2 2 2 1 1 1 2 2 2 2 2 2 1 1 1 1 1 1 1 1 1 1 1 1 1 1 2 2 1 1 0 0 0 0 2 1 1 1 1 1 1 1 1 1
OTank_16_Crab_1 1 1 2 2 2 2 2 2 1 1 2 2 2 2 2 2 2 2 2 2 1 1 1 1 1 1 2 2 0 0 2 1 2 1 1 1 2 2 2 1 2 2 1 1 1 1 2 2 2 2 2 2 1 1 1 1 1 1 2 2 2 1 2 2 0 0 2 2 2 2 2 2 2 1 2 2 2 1 2 2 2 2 2 1 1 1 1 1 1 1 2 2 1 1 2 1 1 1 1 1 2 2 0 0 2 2 2 1 2 2 1 1 1 1 1 1 0 0 1 1 2 1 1 1 1 1 1 1 2 2 1 1 2 2 2 2 0 0 2 1 2 2 1 1 2 1 1 1 2 1 2 2 2 2 2 1 2 1 2 1 2 2 1 1 2 2 1 1 2 2 2 2 2 1 2 2 2 1 2 2 0 0 1 1 1 1 2 2 2 1 2 2 2 2 1 1 1 1 2 2 2 2 2 1 2 2 1 1 2 2 2 1 2 1 2 2 2 1 2 1 1 1 2 2 2 2 1 1 2 2 2 2 0 0 1 1 2 1 2 2 2 1 0 0 2 1 2 1 2 1 2 1 1 1 1 1 2 2 1 1 0 0 2 1 2 1 1 1 1 1 2 1 1 1 2 1 2 1 1 1 1 1 2 2 2 2 1 1 2 1 1 1 1 1 2 2 1 1 2 1 2 2 1 1 1 1 1 1 2 2 1 1 1 1 1 1 2 2 0 0 2 2 1 1 2 2 2 2 1 1 0 0 1 1 2 2 2 2 2 1 1 1 2 1 1 1 1 1 2 2 2 2 1 1 2 2 2 2 2 2 2 2 2 2 1 1 2 1 1 1 1 1 2 1 2 2 2 2 0 0 2 1 1 1 1 1 2 2 2 2 2 2 1 1 1 1 2 1 1 1 2 2 2 2 1 1 1 1 2 1 1 1 2 1 2 1 2 1 1 1 2 2 2 2 2 2 2 2 2 1 2 1 2 2 2 2 2 1 1 1 2 2 1 1 1 1 2 1 2 1 2 2 1 1 2 1 1 1 2 1 1 1 1 1 2 2 2 1 1 1 1 1 2 2 1 1 1 1 2 2 1 1 1 1 1 1 2 2 2 2 2 1 2 2 0 0 2 2 2 2 2 2 1 1 2 2 1 1 1 1 1 1 2 1 1 1 2 2 0 0 1 1 2 2 1 1
OTank_16_Crab_2 1 1 1 1 2 2 2 2 2 2 2 1 1 1 2 2 2 2 2 2 0 0 2 1 2 1 2 2 1 1 2 1 1 1 2 2 2 2 1 1 2 2 2 2 2 2 1 1 2 1 1 1 2 1 1 1 1 1 1 1 1 1 2 1 1 1 1 1 2 2 1 1 2 1 2 1 2 2 2 2 2 2 1 1 0 0 1 1 2 2 1 1 0 0 2 1 1 1 2 2 1 1 2 2 2 1 2 2 0 0 2 1 2 1 1 1 1 1 1 1 2 2 2 2 1 1 0 0 2 2 2 2 0 0 1 1 2 2 2 2 0 0 1 1 2 1 0 0 2 2 1 1 2 2 2 1 0 0 2 2 1 1 2 2 2 2 2 2 1 1 2 1 2 1 2 2 2 2 2 2 2 2 2 1 1 1 0 0 2 2 2 2 1 1 2 2 1 1 2 2 2 2 2 2 2 1 2 1 2 2 1 1 2 1 1 1 2 1 2 1 2 2 2 2 2 2 1 1 2 2 1 1 2 1 2 2 0 0 2 2 2 1 1 1 2 2 2 1 2 2 2 2 2 1 1 1 2 2 1 1 1 1 1 1 2 2 2 2 1 1 1 1 2 2 1 1 2 2 2 2 2 1 2 2 2 2 2 2 2 2 2 1 2 1 2 2 2 2 2 2 2 1 2 2 1 1 2 2 1 1 2 1 2 1 1 1 2 2 2 2 2 1 1 1 1 1 2 2 1 1 1 1 1 1 1 1 2 1 2 2 2 2 2 2 2 2 2 2 2 2 2 2 1 1 2 2 0 0 1 1 2 2 2 1 1 1 2 2 2 1 2 1 1 1 1 1 1 1 1 1 0 0 2 2 1 1 1 1 2 2 2 2 2 1 0 0 2 2 2 1 2 2 2 2 1 1 1 1 2 1 2 2 1 1 2 2 2 2 2 2 1 1 2 2 2 2 2 1 2 2 0 0 2 2 1 1 1 1 2 2 2 2 2 1 1 1 2 2 2 2 1 1 2 2 2 1 1 1 2 1 2 2 1 1 2 1 2 2 2 2 1 1 2 1 2 1 2 2 1 1 2 2 2 1 2 2 0 0 2 2 2 2 1 1 1 1 2 1 1 1 2 2 1 1 2 2 0 0 2 2 1 1 2 1 2 1 2 2 2 1 2 1 2 2 1 1
OTank_16_Crab_4 2 2 1 1 2 2 2 2 2 2 1 1 2 2 0 0 2 2 2 2 2 1 2 2 1 1 0 0 1 1 2 1 2 2 0 0 1 1 1 1 0 0 1 1 0 0 1 1 1 1 2 1 2 1 0 0 2 1 2 2 2 1 2 2 1 1 0 0 1 1 1 1 0 0 2 2 1 1 2 1 1 1 2 2 2 2 2 2 0 0 2 2 1 1 2 1 1 1 1 1 2 2 2 1 1 1 2 2 2 2 2 1 2 1 1 1 2 1 2 2 1 1 2 2 2 2 2 2 2 2 2 2 1 1 2 1 2 2 1 1 1 1 2 2 2 2 1 1 1 1 2 2 2 2 2 2 2 2 2 1 2 2 2 2 1 1 2 1 2 1 2 1 2 1 2 1 2 2 1 1 2 1 2 1 0 0 2 1 1 1 2 2 1 1 1 1 2 2 1 1 0 0 1 1 2 1 0 0 2 2 1 1 2 1 2 1 2 2 2 1 2 2 1 1 2 2 2 2 2 2 1 1 0 0 2 2 2 2 0 0 1 1 0 0 0 0 2 2 2 2 1 1 0 0 1 1 1 1 1 1 2 2 2 2 2 1 1 1 2 2 2 1 0 0 1 1 0 0 2 1 1 1 2 2 0 0 2 2 2 2 2 2 2 2 1 1 2 2 2 2 1 1 2 2 2 2 1 1 2 1 2 2 2 2 0 0 2 2 2 2 2 2 2 2 2 2 1 1 1 1 2 2 1 1 1 1 1 1 2 2 1 1 2 2 2 2 0 0 0 0 1 1 1 1 1 1 2 1 1 1 2 1 2 2 2 2 2 2 2 2 1 1 1 1 1 1 2 1 2 2 1 1 2 2 2 2 0 0 1 1 2 1 0 0 2 2 2 2 2 1 0 0 1 1 1 1 1 1 2 1 2 2 2 2 2 2 2 1 2 2 1 1 2 2 2 2 2 2 2 2 1 1 0 0 1 1 1 1 2 1 0 0 1 1 2 2 2 2 2 1 1 1 1 1 2 2 1 1 1 1 2 2 1 1 0 0 2 1 1 1 2 2 2 2 1 1 2 2 1 1 2 1 0 0 2 1 1 1 2 2 2 2 1 1 2 2 0 0 2 2 1 1 1 1 2 2 1 1 1 1 2 2 2 2 2 2 1 1 2 1 2 2 2 2 1 1
OTank_18_Crab_1 1 1 2 2 2 2 2 2 2 2 2 2 1 1 1 1 2 1 0 0 2 1 1 1 2 2 2 2 2 2 2 1 2 2 1 1 1 1 1 1 2 1 1 1 1 1 2 2 1 1 0 0 2 2 2 2 2 2 2 1 2 2 2 1 1 1 1 1 2 2 1 1 2 2 2 2 1 1 2 2 1 1 2 2 2 1 1 1 2 1 1 1 0 0 2 1 2 2 2 1 2 2 2 2 2 1 2 2 2 2 0 0 2 2 2 2 1 1 1 1 0 0 1 1 1 1 2 2 2 2 1 1 1 1 2 1 2 2 1 1 0 0 2 1 2 2 2 1 2 2 2 2 1 1 2 1 0 0 1 1 1 1 1 1 2 1 1 1 2 1 2 2 1 1 1 1 2 1 1 1 2 2 2 2 2 2 1 1 1 1 1 1 2 2 1 1 1 1 2 2 2 2 2 2 2 1 1 1 1 1 2 2 2 1 0 0 2 2 2 2 2 2 2 2 1 1 0 0 2 2 1 1 0 0 2 2 1 1 2 2 1 1 1 1 2 1 2 2 2 2 1 1 2 2 2 2 1 1 0 0 0 0 2 2 2 2 2 2 1 1 2 2 2 1 1 1 2 2 1 1 2 2 1 1 1 1 2 2 2 1 2 2 2 1 0 0 2 2 2 2 2 2 2 2 2 2 2 2 2 2 1 1 2 2 2 1 0 0 2 2 1 1 2 2 0 0 2 2 1 1 2 2 1 1 2 2 1 1 2 2 1 1 2 2 2 2 2 2 2 2 0 0 2 2 1 1 2 2 1 1 2 1 2 1 2 2 2 2 0 0 2 1 2 2 2 2 2 2 2 2 0 0 2 2 2 1 1 1 2 2 1 1 2 2 2 2 2 1 0 0 2 2 2 2 0 0 2 2 2 2 2 2 2 2 2 2 1 1 2 2 2 2 2 2 2 1 1 1 2 2 2 2 1 1 1 1 1 1 2 2 2 2 1 1 1 1 2 1 2 2 1 1 2 1 2 1 2 2 2 2 2 2 1 1 2 2 0 0 1 1 2 2 2 2 1 1 1 1 2 1 1 1 0 0 2 2 2 2 2 2 2 2 2 2 1 1 1 1 2 2 2 2 2 1 2 2 0 0 2 2 1 1 2 2 1 1 1 1 0 0 2 1 2 1 1 1
OTank_18_Crab_2 1 1 2 2 1 1 2 1 2 2 1 1 0 0 1 1 2 1 0 0 1 1 2 2 2 2 2 2 2 2 2 2 2 2 2 2 2 2 0 0 0 0 2 2 1 1 2 2 0 0 1 1 1 1 0 0 2 2 2 2 0 0 2 2 2 2 2 2 2 2 2 2 0 0 1 1 0 0 0 0 1 1 2 2 2 2 2 2 2 2 2 1 1 1 1 1 2 2 1 1 2 2 0 0 2 2 2 2 1 1 2 2 0 0 1 1 2 2 1 1 1 1 2 2 0 0 1 1 2 1 2 2 1 1 1 1 2 2 0 0 1 1 1 1 0 0 1 1 1 1 2 1 2 2 2 1 2 2 2 2 2 1 2 2 1 1 0 0 0 0 0 0 0 0 2 2 2 2 0 0 2 2 2 1 1 1 0 0 2 2 1 1 2 1 1 1 1 1 2 2 1 1 0 0 1 1 0 0 0 0 2 1 2 2 2 2 2 2 2 2 0 0 0 0 0 0 0 0 2 1 2 2 2 2 2 2 2 2 2 2 0 0 0 0 2 1 1 1 0 0 1 1 2 2 1 1 1 1 0 0 2 2 1 1 2 1 2 2 2 2 1 1 2 2 1 1 0 0 0 0 2 2 2 1 2 2 2 2 2 2 1 1 1 1 1 1 2 2 2 1 2 2 0 0 2 2 2 2 1 1 0 0 2 2 2 2 1 1 1 1 0 0 2 1 1 1 1 1 2 1 0 0 0 0 2 2 2 2 2 2 2 2 0 0 0 0 2 2 0 0 2 2 0 0 2 2 2 2 0 0 1 1 2 2 1 1 2 2 2 2 2 1 2 2 1 1 1 1 2 2 2 2 2 2 2 2 1 1 2 1 0 0 1 1 1 1 1 1 2 2 2 2 1 1 2 1 1 1 0 0 2 2 0 0 2 2 2 2 2 2 2 2 2 1 1 1 0 0 2 2 2 2 2 2 2 2 2 1 0 0 1 1 2 2 0 0 2 2 2 2 1 1 2 1 2 2 2 2 0 0 0 0 1 1 2 2 0 0 0 0 2 2 0 0 2 1 1 1 2 2 2 2 2 2 0 0 2 2 2 2 1 1 0 0 2 2 1 1 2 1 1 1 0 0 1 1 2 2 2 2 1 1 2 2 2 2 1 1 2 1 2 2 0 0 0 0
OTank_18_Crab_3 1 1 2 1 2 2 1 1 1 1 1 1 2 1 2 1 1 1 2 2 0 0 1 1 2 1 2 2 1 1 2 1 1 1 2 2 2 2 1 1 2 1 2 2 1 1 1 1 0 0 2 1 1 1 1 1 1 1 2 2 1 1 1 1 2 2 0 0 2 2 1 1 2 2 2 1 2 2 2 2 1 1 1 1 1 1 2 2 2 1 2 2 1 1 0 0 2 2 2 2 0 0 2 2 2 1 2 2 2 2 2 2 2 2 2 2 2 2 2 2 1 1 2 2 1 1 1 1 0 0 2 2 1 1 1 1 2 2 2 2 1 1 1 1 2 1 2 2 2 2 2 1 2 2 2 1 2 1 2 1 0 0 1 1 2 2 2 1 2 2 1 1 0 0 0 0 0 0 2 1 2 1 2 1 1 1 1 1 2 2 2 2 2 1 2 2 2 2 2 1 2 2 2 2 1 1 2 2 2 2 1 1 2 2 2 2 2 1 2 1 2 2 2 2 2 2 1 1 2 2 2 1 2 1 2 2 1 1 2 2 1 1 2 2 2 2 2 2 2 2 1 1 2 2 1 1 2 2 1 1 2 1 2 2 2 2 1 1 1 1 2 2 2 2 2 1 1 1 0 0 1 1 1 1 1 1 2 2 0 0 2 1 1 1 2 2 1 1 2 2 1 1 2 2 2 2 1 1 2 2 0 0 2 1 0 0 1 1 2 2 1 1 2 1 2 1 1 1 1 1 2 2 0 0 2 1 2 2 2 1 1 1 1 1 2 1 2 2 2 1 2 2 1 1 2 2 1 1 0 0 2 1 2 1 2 2 1 1 1 1 1 1 1 1 1 1 2 1 0 0 2 1 2 2 2 2 2 2 2 2 2 1 2 1 2 2 2 2 1 1 2 2 1 1 0 0 1 1 2 1 2 1 2 2 1 1 2 1 2 2 2 2 1 1 2 2 1 1 2 2 1 1 1 1 2 2 2 2 2 2 1 1 0 0 2 1 2 1 2 1 2 2 2 2 1 1 2 1 2 2 2 1 2 1 1 1 2 2 1 1 2 2 2 2 2 1 2 2 2 2 2 2 2 2 0 0 1 1 2 1 1 1 2 1 1 1 2 1 2 2 1 1 1 1 2 1 1 1 1 1 2 2 1 1 2 1 2 2 2 2 0 0 2 2 2 2
OTank_1_Crab_1 1 1 2 2 2 2 0 0 1 1 2 2 2 2 2 2 2 2 2 2 2 2 1 1 1 1 1 1 2 2 1 1 2 2 2 2 2 2 2 2 2 2 0 0 2 1 1 1 2 2 2 1 0 0 2 2 1 1 1 1 2 2 1 1 0 0 2 1 0 0 1 1 2 1 2 2 0 0 0 0 1 1 1 1 0 0 2 2 2 2 1 1 1 1 0 0 0 0 2 1 2 2 0 0 2 2 2 2 2 2 2 2 2 1 0 0 0 0 0 0 1 1 1 1 0 0 2 2 0 0 2 2 2 2 1 1 2 2 1 1 1 1 2 1 0 0 2 2 1 1 2 2 2 2 0 0 2 2 2 2 2 2 2 2 2 1 1 1 2 2 2 2 1 1 2 2 2 1 2 2 2 2 2 2 1 1 1 1 0 0 2 2 1 1 1 1 2 2 1 1 2 2 0 0 0 0 2 2 0 0 1 1 2 1 0 0 0 0 2 2 2 2 1 1 2 1 2 2 2 1 1 1 1 1 2 2 1 1 0 0 1 1 2 2 0 0 2 1 2 2 2 2 2 2 2 2 2 2 1 1 2 2 1 1 1 1 2 2 0 0 2 2 2 2 0 0 0 0 0 0 0 0 1 1 1 1 1 1 2 2 2 2 1 1 2 2 2 2 2 2 2 2 2 2 2 2 2 1 2 2 2 2 2 1 2 2 1 1 1 1 1 1 1 1 2 2 2 2 0 0 2 2 0 0 1 1 1 1 2 1 2 2 2 2 1 1 0 0 2 2 2 2 1 1 1 1 0 0 2 1 2 2 2 2 2 2 1 1 1 1 2 2 0 0 2 2 2 2 0 0 2 2 0 0 2 2 2 2 0 0 2 2 2 2 2 2 2 2 2 1 1 1 2 2 1 1 1 1 2 2 0 0 1 1 2 2 0 0 1 1 0 0 1 1 1 1 1 1 0 0 2 2 1 1 0 0 2 2 2 2 2 2 1 1 1 1 2 2 0 0 0 0 0 0 0 0 1 1 2 1 2 1 1 1 1 1 0 0 2 2 0 0 2 1 0 0 2 2 1 1 2 2 1 1 0 0 2 2 0 0 2 1 2 2 2 2 0 0 0 0 0 0 1 1 2 1 2 2 2 1 1 1 2 1 0 0 1 1 0 0 2 1 2 2 1 1
OTank_1_Crab_2 1 1 1 1 2 2 1 1 2 2 0 0 2 2 1 1 2 2 1 1 2 2 0 0 2 2 1 1 2 2 1 1 2 2 0 0 2 2 0 0 2 2 1 1 1 1 1 1 2 2 1 1 2 2 2 2 2 2 2 2 0 0 0 0 0 0 2 1 2 2 1 1 2 2 2 1 2 1 2 1 2 1 0 0 2 2 0 0 0 0 1 1 2 1 2 1 2 1 2 1 1 1 1 1 2 2 2 2 2 2 1 1 1 1 2 1 2 2 0 0 1 1 2 2 1 1 1 1 2 2 2 1 0 0 1 1 0 0 1 1 2 2 1 1 2 2 1 1 2 1 1 1 0 0 1 1 0 0 2 2 2 2 1 1 0 0 1 1 0 0 2 1 0 0 0 0 2 1 1 1 2 2 2 2 2 2 2 2 1 1 1 1 1 1 2 2 0 0 2 1 0 0 0 0 2 2 2 2 2 2 2 1 2 1 2 2 1 1 2 2 2 2 2 2 0 0 2 2 2 2 1 1 1 1 1 1 2 2 2 2 2 2 2 2 2 1 1 1 1 1 2 2 2 2 1 1 1 1 2 1 1 1 0 0 0 0 2 2 2 2 0 0 2 1 2 2 2 1 0 0 2 1 1 1 1 1 1 1 2 2 2 1 1 1 1 1 0 0 2 2 2 2 2 2 0 0 2 1 2 1 2 2 2 2 1 1 2 2 2 2 1 1 2 2 2 2 2 1 0 0 2 2 2 2 2 2 2 2 2 2 2 2 2 2 2 2 2 2 2 2 2 1 1 1 0 0 2 2 1 1 2 2 2 2 1 1 1 1 2 2 0 0 2 2 0 0 2 2 2 2 2 2 2 2 1 1 2 2 2 1 2 2 1 1 0 0 2 1 2 1 2 2 2 2 1 1 0 0 1 1 2 2 0 0 1 1 2 1 2 2 1 1 2 2 1 1 0 0 1 1 2 2 0 0 2 2 0 0 2 2 1 1 1 1 2 2 2 2 0 0 1 1 1 1 2 2 1 1 1 1 1 1 0 0 1 1 2 2 2 1 1 1 2 2 2 2 1 1 2 2 2 2 2 2 2 2 2 2 1 1 2 1 0 0 2 1 1 1 2 2 1 1 2 1 1 1 2 2 1 1 1 1 0 0 0 0 2 2 2 1 2 1 2 2 2 1
OTank_1_Crab_3 1 1 2 2 1 1 2 2 2 2 2 2 1 1 1 1 1 1 1 1 1 1 2 2 2 2 2 1 2 2 0 0 2 2 2 2 1 1 2 2 0 0 2 2 1 1 2 2 1 1 2 2 2 2 2 2 2 1 0 0 1 1 0 0 2 1 2 2 1 1 1 1 2 2 2 1 1 1 2 2 2 2 2 2 0 0 2 2 2 1 2 2 0 0 1 1 2 2 2 1 0 0 2 2 2 2 2 2 0 0 1 1 2 1 1 1 2 2 2 2 1 1 0 0 1 1 1 1 1 1 1 1 1 1 1 1 0 0 2 2 2 2 1 1 1 1 1 1 2 2 2 2 2 1 0 0 2 2 1 1 2 1 2 2 1 1 1 1 2 2 1 1 1 1 2 2 2 2 2 1 2 1 2 2 0 0 0 0 1 1 1 1 0 0 0 0 1 1 2 2 1 1 1 1 1 1 1 1 2 2 2 1 0 0 2 2 2 2 2 2 2 1 2 2 1 1 2 2 2 2 2 2 1 1 2 1 0 0 0 0 1 1 2 2 2 1 0 0 1 1 1 1 1 1 1 1 2 2 1 1 2 2 1 1 2 2 1 1 2 2 2 2 2 2 2 1 2 2 1 1 2 2 2 2 2 2 2 2 2 2 0 0 2 2 1 1 0 0 1 1 2 2 2 2 2 2 2 2 2 2 1 1 2 2 2 2 0 0 2 2 2 2 1 1 0 0 1 1 1 1 1 1 2 2 2 2 1 1 2 2 2 2 2 1 2 2 1 1 2 1 1 1 1 1 1 1 2 2 1 1 1 1 2 2 2 1 1 1 2 2 2 2 2 1 1 1 1 1 2 1 2 2 2 2 1 1 0 0 2 2 2 1 2 1 1 1 2 2 0 0 2 2 2 2 2 2 1 1 2 2 2 2 1 1 0 0 2 1 2 2 2 2 0 0 2 2 2 1 1 1 2 2 2 2 2 2 2 2 2 1 2 2 2 1 0 0 0 0 2 1 2 2 2 1 1 1 2 2 0 0 0 0 0 0 2 1 2 2 2 1 2 2 2 2 0 0 0 0 2 2 2 2 1 1 2 2 1 1 1 1 2 1 2 1 2 2 1 1 0 0 1 1 2 2 1 1 2 2 1 1 1 1 0 0 2 2 2 2 2 2 2 2 2 2 2 1
OTank_20_Crab_1 1 1 1 1 2 2 2 2 1 1 2 2 0 0 0 0 2 2 2 2 2 1 2 1 2 1 0 0 2 2 2 1 2 2 2 2 2 2 1 1 2 1 2 1 1 1 1 1 1 1 2 2 2 2 2 2 1 1 2 2 1 1 2 1 1 1 1 1 2 2 2 1 2 2 2 1 2 2 2 2 1 1 1 1 2 1 1 1 2 2 0 0 2 2 1 1 2 2 2 1 2 2 1 1 1 1 1 1 1 1 2 2 2 1 2 2 2 1 1 1 1 1 2 2 0 0 2 1 2 1 1 1 1 1 2 1 2 2 2 1 2 2 2 1 2 2 1 1 2 1 2 2 2 2 2 2 2 1 1 1 2 1 1 1 2 2 1 1 2 2 2 2 1 1 2 2 0 0 2 1 2 2 1 1 2 2 2 2 2 2 1 1 2 2 0 0 1 1 2 2 2 2 1 1 2 2 1 1 2 1 1 1 1 1 2 2 2 1 2 2 1 1 2 2 2 2 1 1 2 2 0 0 2 2 1 1 2 2 2 2 2 2 2 1 1 1 0 0 2 2 1 1 2 1 1 1 1 1 2 2 2 2 2 1 0 0 2 2 2 2 1 1 2 1 2 2 0 0 1 1 2 2 2 2 2 1 1 1 1 1 2 2 1 1 2 2 2 2 2 2 0 0 2 2 2 2 2 2 1 1 1 1 2 1 2 2 2 2 2 2 2 1 1 1 2 1 2 2 0 0 2 1 2 1 1 1 2 2 2 1 2 1 2 2 2 1 1 1 2 2 2 1 2 2 2 2 2 2 0 0 2 1 2 1 2 1 1 1 0 0 1 1 2 2 2 1 2 1 2 2 1 1 2 2 1 1 2 2 2 2 2 2 1 1 0 0 0 0 0 0 1 1 2 2 0 0 2 2 2 2 1 1 2 2 0 0 2 2 2 2 2 2 1 1 1 1 2 1 0 0 2 1 2 2 1 1 2 1 2 1 2 2 1 1 2 1 2 1 2 1 2 2 2 1 2 2 2 2 1 1 1 1 2 1 2 1 2 1 2 1 2 2 2 1 1 1 2 2 2 2 1 1 0 0 2 1 2 2 0 0 2 2 1 1 1 1 2 1 1 1 2 2 0 0 1 1 2 1 2 2 2 2 2 2 1 1 2 1 1 1 2 2 2 2 2 2
OTank_20_Crab_2 0 0 2 1 1 1 2 2 2 2 1 1 2 2 1 1 2 2 2 2 1 1 2 2 1 1 2 1 1 1 2 1 2 2 1 1 2 1 1 1 2 1 2 2 2 1 1 1 2 1 0 0 2 2 2 1 2 2 2 2 2 1 2 2 1 1 2 2 1 1 1 1 2 2 0 0 2 1 1 1 2 1 0 0 2 1 2 2 2 1 1 1 0 0 2 1 2 2 2 1 1 1 1 1 1 1 1 1 1 1 1 1 2 2 1 1 2 1 1 1 2 1 2 2 0 0 2 2 2 1 2 2 2 2 2 1 2 2 1 1 1 1 1 1 1 1 2 2 1 1 1 1 2 1 2 2 1 1 2 2 1 1 2 2 2 2 1 1 2 2 1 1 2 1 2 1 2 2 0 0 2 2 0 0 1 1 2 2 1 1 2 2 2 2 1 1 2 2 2 1 2 1 2 1 2 2 1 1 2 2 1 1 1 1 2 1 2 1 2 1 2 1 1 1 2 2 2 2 2 2 1 1 1 1 2 2 2 2 2 2 0 0 2 2 2 1 2 2 2 1 2 2 1 1 1 1 1 1 2 2 2 2 2 1 0 0 1 1 2 1 2 1 2 1 2 1 2 1 2 2 2 2 2 2 2 1 1 1 1 1 2 2 1 1 2 1 2 1 1 1 2 1 1 1 2 2 1 1 0 0 2 2 2 2 2 1 2 2 2 2 2 2 2 1 0 0 1 1 2 1 0 0 0 0 1 1 2 2 2 2 1 1 2 2 1 1 1 1 1 1 2 1 2 2 1 1 1 1 1 1 2 2 1 1 1 1 2 2 1 1 2 1 1 1 2 1 2 2 2 1 2 2 2 2 2 1 1 1 2 1 2 1 2 2 2 2 2 1 2 1 1 1 1 1 1 1 0 0 1 1 1 1 2 2 2 1 2 1 2 2 2 2 2 2 2 1 2 2 2 2 1 1 2 2 1 1 1 1 0 0 2 2 2 1 2 2 2 2 2 2 1 1 1 1 2 2 2 2 2 1 2 2 1 1 1 1 2 1 2 1 2 2 2 2 2 1 2 2 1 1 2 2 1 1 1 1 2 2 2 2 2 2 1 1 2 2 2 2 2 1 2 1 2 2 1 1 1 1 1 1 1 1 2 1 2 2 2 1 1 1 2 1 2 1 1 1
OTank_20_Crab_3 2 2 2 2 2 1 2 2 2 2 2 2 2 2 2 2 2 1 1 1 1 1 1 1 2 2 0 0 1 1 2 1 0 0 1 1 2 2 2 2 1 1 2 2 0 0 2 2 0 0 1 1 1 1 2 2 2 2 2 2 2 2 1 1 2 2 2 2 2 2 1 1 1 1 1 1 2 2 2 2 0 0 2 2 1 1 1 1 0 0 2 2 2 1 2 1 2 2 2 2 2 2 2 2 2 2 1 1 0 0 2 1 2 1 2 2 1 1 1 1 2 2 1 1 2 2 0 0 0 0 2 2 2 2 1 1 1 1 2 2 1 1 2 2 2 2 1 1 1 1 2 2 2 1 2 1 2 2 0 0 1 1 2 2 2 2 1 1 2 2 2 2 2 2 2 1 2 1 2 2 1 1 2 2 1 1 1 1 1 1 2 2 2 2 1 1 1 1 2 2 2 2 2 2 1 1 2 2 1 1 1 1 2 1 2 2 1 1 2 1 0 0 2 2 2 2 2 2 1 1 1 1 2 1 2 2 1 1 2 2 1 1 1 1 2 2 1 1 2 2 2 2 2 2 1 1 2 2 1 1 2 2 1 1 2 1 2 2 1 1 2 2 2 1 2 2 1 1 2 2 2 2 1 1 2 2 2 1 2 1 2 2 1 1 1 1 2 2 1 1 2 2 2 2 1 1 1 1 2 2 0 0 2 2 2 2 2 1 2 2 0 0 1 1 2 1 1 1 1 1 2 2 1 1 2 2 2 2 0 0 2 2 2 2 2 2 2 2 2 2 2 1 2 2 2 2 0 0 0 0 0 0 0 0 2 2 1 1 1 1 0 0 2 2 2 2 1 1 2 1 1 1 0 0 2 2 2 2 2 2 2 2 2 2 2 1 2 1 2 2 1 1 1 1 2 1 2 2 2 2 1 1 1 1 2 2 2 2 2 2 2 2 1 1 2 1 1 1 2 2 2 2 2 1 1 1 2 2 2 2 2 2 1 1 2 2 2 1 0 0 1 1 1 1 2 2 2 2 2 2 1 1 0 0 2 1 2 2 2 1 2 2 2 2 1 1 2 2 2 2 1 1 1 1 2 2 2 2 2 2 2 1 1 1 1 1 2 2 2 2 1 1 1 1 2 2 1 1 1 1 1 1 2 2 2 2 2 1 1 1 2 2 1 1 1 1
OTank_2_Crab_1 1 1 0 0 0 0 0 0 2 2 2 2 2 2 2 2 2 2 0 0 1 1 1 1 0 0 1 1 2 2 0 0 2 2 2 2 1 1 2 1 2 1 2 2 1 1 1 1 1 1 2 2 2 2 1 1 1 1 1 1 2 2 2 2 2 2 1 1 2 2 1 1 2 2 0 0 2 1 2 2 2 1 2 2 2 2 0 0 2 1 1 1 1 1 2 2 1 1 2 1 0 0 2 2 2 1 0 0 1 1 2 1 2 1 2 2 2 2 2 1 1 1 1 1 1 1 2 2 2 2 2 2 0 0 2 1 2 2 2 2 1 1 2 1 2 2 2 2 2 1 1 1 2 1 0 0 1 1 2 1 2 2 1 1 0 0 1 1 2 2 2 2 1 1 2 2 2 2 0 0 2 2 2 2 2 2 0 0 2 2 2 2 1 1 0 0 2 2 2 2 2 2 2 2 2 2 2 2 0 0 1 1 0 0 2 2 2 2 1 1 2 2 2 2 2 1 2 2 1 1 2 2 2 2 0 0 2 2 2 1 1 1 2 2 2 1 1 1 2 2 0 0 2 2 2 1 0 0 1 1 2 2 2 2 2 1 0 0 0 0 2 2 0 0 0 0 2 2 2 1 2 2 2 2 0 0 0 0 0 0 1 1 0 0 0 0 0 0 2 2 2 2 1 1 1 1 0 0 2 2 1 1 2 2 2 1 0 0 0 0 2 2 2 2 1 1 1 1 2 2 2 2 2 2 2 1 1 1 1 1 2 2 0 0 2 2 0 0 2 2 2 1 2 1 2 2 2 2 2 1 0 0 0 0 2 2 2 2 1 1 2 1 2 2 0 0 2 2 2 1 1 1 1 1 0 0 1 1 1 1 2 2 0 0 2 2 2 2 2 1 2 2 0 0 0 0 2 2 2 2 2 1 2 2 2 2 0 0 2 2 2 2 2 2 0 0 2 1 0 0 0 0 1 1 2 1 2 2 2 2 0 0 1 1 0 0 2 2 2 2 2 1 2 2 2 1 2 1 2 2 2 2 1 1 2 2 2 2 2 1 0 0 1 1 1 1 2 2 0 0 2 2 2 2 1 1 0 0 0 0 1 1 2 2 2 2 2 2 0 0 1 1 2 2 2 2 2 2 1 1 2 2 2 2 0 0 2 1 2 2 0 0 1 1 1 1
OTank_2_Crab_2 1 1 0 0 2 2 2 2 0 0 2 2 1 1 1 1 2 2 2 2 2 2 0 0 2 2 1 1 1 1 2 2 2 2 2 2 1 1 2 2 1 1 2 2 2 1 1 1 1 1 2 2 2 2 2 2 2 2 0 0 0 0 0 0 2 2 1 1 0 0 1 1 2 2 0 0 1 1 2 2 2 2 2 2 0 0 2 2 0 0 2 2 1 1 2 1 2 2 0 0 1 1 0 0 0 0 1 1 2 2 0 0 0 0 2 2 2 2 0 0 1 1 0 0 1 1 0 0 1 1 2 2 1 1 2 2 1 1 1 1 0 0 0 0 2 2 1 1 1 1 1 1 0 0 2 1 2 2 0 0 0 0 2 2 0 0 1 1 2 2 0 0 2 1 2 2 2 2 0 0 1 1 2 2 0 0 2 2 2 2 2 2 2 2 1 1 2 2 2 2 0 0 2 2 1 1 2 2 1 1 2 1 2 2 2 2 2 2 2 1 2 2 2 2 2 1 1 1 1 1 1 1 2 1 0 0 2 1 1 1 1 1 1 1 2 2 1 1 2 2 2 2 0 0 1 1 0 0 0 0 1 1 2 1 2 1 1 1 2 1 2 2 1 1 1 1 2 2 2 2 1 1 1 1 2 2 2 2 2 2 2 2 1 1 0 0 1 1 1 1 2 2 1 1 0 0 0 0 0 0 1 1 2 2 2 2 2 2 2 2 2 2 2 2 0 0 2 1 2 2 0 0 1 1 0 0 0 0 1 1 2 2 2 2 2 2 0 0 1 1 1 1 2 1 0 0 2 2 0 0 0 0 0 0 1 1 0 0 2 2 2 1 1 1 0 0 0 0 0 0 2 2 1 1 0 0 2 2 1 1 2 1 0 0 0 0 2 2 2 1 2 1 2 2 2 2 2 2 1 1 2 2 2 2 1 1 0 0 2 2 1 1 2 2 2 2 2 2 2 2 2 2 2 2 0 0 0 0 0 0 0 0 1 1 1 1 2 2 0 0 2 2 0 0 2 2 1 1 1 1 2 2 1 1 0 0 0 0 1 1 0 0 1 1 0 0 0 0 2 2 2 1 2 2 2 2 2 2 1 1 2 2 2 2 2 1 1 1 2 2 2 2 2 2 2 2 1 1 2 1 0 0 2 1 0 0 1 1 2 1 2 2 0 0 0 0
OTank_2_Crab_3 1 1 2 2 1 1 2 2 2 2 1 1 2 1 1 1 2 2 2 2 2 2 2 2 2 2 2 2 2 2 1 1 0 0 2 2 1 1 0 0 0 0 0 0 1 1 1 1 2 2 0 0 2 2 1 1 2 2 2 2 1 1 2 2 1 1 2 2 1 1 2 2 2 1 2 1 1 1 2 2 0 0 1 1 0 0 2 2 0 0 0 0 2 2 2 2 2 2 0 0 2 2 2 1 0 0 0 0 2 2 2 2 0 0 2 2 2 2 1 1 0 0 2 2 1 1 1 1 2 2 2 2 0 0 1 1 2 2 2 2 0 0 1 1 2 2 1 1 2 1 2 2 0 0 2 2 2 2 2 2 0 0 2 2 0 0 1 1 2 2 2 2 0 0 1 1 1 1 1 1 2 2 2 2 2 2 2 2 2 2 1 1 0 0 2 2 2 2 0 0 1 1 0 0 2 2 0 0 2 2 2 2 2 2 2 2 1 1 0 0 2 1 1 1 0 0 2 2 2 2 1 1 1 1 0 0 0 0 2 2 0 0 2 2 1 1 0 0 1 1 2 1 2 2 2 2 1 1 1 1 2 2 0 0 2 1 2 2 2 2 1 1 0 0 2 2 2 1 1 1 2 1 2 2 2 2 2 2 2 2 1 1 2 1 2 1 2 2 1 1 2 2 2 2 1 1 0 0 0 0 1 1 1 1 2 2 1 1 1 1 2 2 2 2 0 0 1 1 1 1 2 2 1 1 2 2 1 1 2 1 0 0 0 0 0 0 2 2 2 2 2 1 1 1 1 1 2 2 1 1 2 1 2 1 1 1 0 0 2 2 1 1 2 1 2 2 1 1 1 1 2 2 2 2 2 2 2 2 2 2 1 1 1 1 0 0 0 0 2 1 2 2 0 0 2 2 1 1 0 0 2 2 0 0 0 0 2 2 2 2 0 0 2 1 1 1 0 0 1 1 2 2 2 2 0 0 1 1 2 2 1 1 2 2 2 1 2 2 2 1 1 1 0 0 2 2 0 0 1 1 1 1 0 0 2 1 1 1 0 0 1 1 1 1 0 0 1 1 2 2 2 2 1 1 1 1 1 1 1 1 2 2 2 2 2 2 1 1 0 0 1 1 0 0 2 1 1 1 0 0 1 1 0 0 2 2 1 1 0 0 0 0 2 2 1 1
OTank_3_Crab_1 1 1 1 1 2 2 1 1 1 1 1 1 2 2 0 0 2 2 0 0 1 1 1 1 2 2 0 0 2 2 0 0 2 2 0 0 2 2 1 1 2 2 0 0 2 2 2 2 0 0 0 0 0 0 1 1 0 0 2 2 1 1 2 1 2 2 2 2 2 2 2 2 2 2 1 1 2 2 1 1 1 1 2 2 2 2 0 0 1 1 2 2 1 1 1 1 2 2 2 2 1 1 1 1 2 2 2 2 2 2 1 1 1 1 1 1 2 1 0 0 2 2 2 2 1 1 1 1 2 1 0 0 0 0 1 1 2 2 1 1 1 1 1 1 1 1 0 0 2 1 0 0 2 2 2 1 2 2 0 0 2 2 1 1 1 1 0 0 2 2 2 2 2 1 2 2 2 1 1 1 2 2 0 0 2 2 2 2 2 2 0 0 2 2 2 2 2 2 0 0 2 2 1 1 0 0 2 2 1 1 0 0 2 2 1 1 1 1 2 2 1 1 2 2 2 2 2 2 1 1 2 1 0 0 1 1 2 2 0 0 0 0 2 2 2 2 2 2 2 1 1 1 1 1 1 1 2 2 1 1 1 1 1 1 2 2 0 0 0 0 2 2 2 1 1 1 1 1 2 2 2 2 2 2 2 2 2 1 2 2 1 1 2 2 2 2 2 2 2 2 2 2 2 2 2 2 0 0 1 1 1 1 1 1 2 2 1 1 2 2 1 1 0 0 2 2 0 0 0 0 2 2 1 1 2 2 0 0 2 2 2 1 2 1 0 0 0 0 2 2 0 0 2 1 2 2 1 1 1 1 2 1 2 2 1 1 2 2 2 2 2 1 2 2 2 1 1 1 2 1 1 1 2 2 2 2 0 0 1 1 2 2 2 2 2 2 2 2 2 2 2 2 2 2 0 0 1 1 2 2 1 1 2 2 2 2 2 2 0 0 2 2 1 1 2 2 2 1 1 1 0 0 2 2 2 2 0 0 1 1 2 2 0 0 2 2 2 2 1 1 2 2 1 1 0 0 0 0 1 1 2 2 2 2 2 2 2 1 2 1 1 1 0 0 2 2 2 2 2 2 1 1 1 1 1 1 2 2 2 2 2 2 0 0 2 2 0 0 2 1 1 1 0 0 1 1 2 2 2 2 1 1 2 2 1 1 0 0 2 2 2 2 1 1 0 0
OTank_3_Crab_2 2 2 2 2 0 0 2 2 2 2 1 1 0 0 2 2 1 1 1 1 2 1 0 0 1 1 2 1 0 0 0 0 0 0 2 2 0 0 2 2 1 1 0 0 2 2 1 1 0 0 2 2 2 2 2 2 1 1 1 1 2 2 0 0 0 0 2 1 2 1 1 1 0 0 1 1 2 2 0 0 1 1 2 1 1 1 0 0 2 1 0 0 1 1 1 1 2 1 0 0 1 1 0 0 2 2 1 1 1 1 2 1 2 2 1 1 2 2 2 2 1 1 0 0 1 1 0 0 2 2 2 2 0 0 1 1 0 0 1 1 1 1 2 2 2 2 2 2 0 0 2 2 0 0 1 1 2 2 0 0 2 2 2 1 2 1 0 0 1 1 2 2 2 2 2 1 0 0 2 2 0 0 2 2 0 0 0 0 2 2 1 1 0 0 0 0 0 0 2 2 2 2 2 2 2 1 0 0 2 2 2 2 0 0 0 0 1 1 0 0 2 2 1 1 2 1 2 2 0 0 1 1 1 1 2 2 2 2 1 1 1 1 1 1 2 2 0 0 0 0 1 1 1 1 1 1 1 1 1 1 2 2 2 2 1 1 2 2 1 1 2 2 0 0 2 2 2 2 0 0 2 2 0 0 2 2 1 1 0 0 0 0 0 0 1 1 1 1 2 2 2 2 1 1 0 0 2 2 0 0 0 0 1 1 2 2 2 2 2 2 2 2 0 0 2 2 2 2 1 1 2 2 1 1 2 1 2 1 1 1 0 0 2 1 2 2 2 2 2 2 1 1 0 0 2 2 2 2 1 1 1 1 1 1 0 0 0 0 1 1 0 0 2 1 2 2 2 2 2 2 2 2 1 1 2 2 2 1 2 2 2 2 1 1 2 2 0 0 2 2 1 1 0 0 2 2 1 1 2 1 2 2 2 2 2 1 1 1 0 0 1 1 0 0 1 1 2 2 0 0 0 0 1 1 2 2 2 1 0 0 1 1 0 0 1 1 2 1 2 2 2 2 0 0 2 2 0 0 2 2 1 1 1 1 2 1 2 2 2 1 2 2 0 0 1 1 1 1 2 1 2 2 0 0 2 2 0 0 0 0 1 1 2 2 0 0 1 1 1 1 1 1 1 1 2 2 2 2 0 0 2 2 2 2 2 2 0 0 1 1 0 0 0 0 0 0
OTank_3_Crab_3 2 1 2 2 2 2 2 2 0 0 1 1 1 1 2 2 0 0 2 2 2 1 2 2 2 1 2 2 2 2 1 1 2 2 1 1 2 1 2 2 2 1 2 2 1 1 1 1 2 2 2 2 2 1 2 1 2 2 1 1 2 1 2 2 2 1 1 1 1 1 1 1 2 2 2 2 1 1 2 1 2 2 2 2 1 1 2 2 1 1 2 2 1 1 1 1 2 1 2 1 1 1 0 0 2 2 1 1 2 2 1 1 2 2 2 2 2 2 2 2 1 1 2 2 2 1 2 2 2 2 2 2 1 1 1 1 1 1 1 1 1 1 2 1 0 0 0 0 0 0 2 2 2 1 2 1 2 1 2 1 2 1 2 2 2 2 1 1 1 1 1 1 1 1 1 1 2 1 1 1 2 1 2 2 0 0 2 2 2 2 1 1 2 1 1 1 2 1 2 2 2 2 2 1 2 1 2 2 1 1 2 2 0 0 2 2 1 1 1 1 2 2 1 1 2 2 2 2 2 2 2 2 2 2 2 2 2 2 2 2 1 1 2 2 2 1 2 2 1 1 2 1 2 2 1 1 1 1 1 1 2 2 2 2 2 1 1 1 2 1 2 1 1 1 1 1 2 1 2 2 2 2 2 2 1 1 2 2 2 1 1 1 1 1 0 0 2 1 1 1 1 1 2 2 2 1 1 1 2 2 2 2 2 2 2 1 2 2 1 1 2 2 2 1 2 1 2 2 2 1 2 1 1 1 2 2 1 1 1 1 1 1 2 1 2 1 2 2 1 1 1 1 0 0 2 2 0 0 1 1 2 1 2 2 1 1 2 2 0 0 1 1 1 1 1 1 1 1 2 2 1 1 0 0 1 1 1 1 0 0 1 1 2 1 2 2 2 1 2 2 0 0 2 2 1 1 1 1 1 1 2 1 1 1 1 1 2 2 1 1 1 1 2 1 2 1 2 1 2 2 1 1 2 2 1 1 0 0 2 2 2 2 2 1 0 0 1 1 2 2 1 1 1 1 2 1 1 1 1 1 2 2 1 1 1 1 2 2 0 0 2 2 2 2 2 1 2 2 2 2 1 1 2 2 2 2 2 2 2 2 2 2 2 1 1 1 2 2 2 2 1 1 1 1 2 1 2 1 2 1 2 2 2 1 2 2 2 1 1 1 2 1 2 2 2 1
OTank_4_Crab_1 1 1 2 2 2 1 1 1 2 2 2 1 2 1 1 1 2 1 1 1 1 1 2 2 2 1 1 1 2 2 2 2 2 1 0 0 2 2 2 2 2 1 1 1 2 1 0 0 0 0 2 2 1 1 2 2 2 2 2 2 1 1 2 2 2 2 2 2 1 1 1 1 1 1 2 1 2 2 2 1 2 1 2 1 1 1 2 2 2 1 2 2 1 1 2 1 2 1 2 2 0 0 2 1 2 1 2 2 2 1 2 2 2 2 0 0 2 2 2 2 1 1 2 2 1 1 2 1 2 1 1 1 2 2 1 1 2 2 0 0 1 1 1 1 2 1 0 0 1 1 0 0 2 1 1 1 2 1 2 2 2 2 2 2 2 1 1 1 2 1 2 2 1 1 2 1 1 1 1 1 2 2 2 2 2 2 1 1 2 1 2 2 2 2 2 2 1 1 0 0 1 1 1 1 2 1 2 1 2 2 0 0 2 1 2 2 2 2 2 2 2 1 2 1 1 1 1 1 2 2 1 1 2 1 2 2 2 2 2 1 1 1 1 1 2 2 0 0 1 1 1 1 2 2 2 2 1 1 1 1 2 2 0 0 2 1 2 2 0 0 1 1 2 2 0 0 2 2 1 1 2 1 2 1 2 2 2 2 1 1 1 1 1 1 1 1 2 2 2 2 2 2 1 1 2 2 2 2 1 1 2 2 0 0 1 1 2 1 2 2 1 1 2 2 2 2 2 1 1 1 1 1 1 1 2 2 1 1 2 1 2 2 1 1 2 2 2 2 0 0 2 1 1 1 1 1 2 2 2 1 2 1 1 1 1 1 1 1 2 2 2 1 2 1 2 1 1 1 2 2 2 2 2 2 1 1 2 1 2 2 2 1 1 1 2 1 2 1 0 0 2 2 2 2 1 1 1 1 2 1 2 2 1 1 0 0 0 0 1 1 2 2 1 1 2 2 2 1 2 2 2 2 2 2 2 2 2 1 2 2 1 1 2 2 2 2 0 0 2 1 2 1 2 2 1 1 2 2 1 1 2 1 1 1 0 0 2 2 1 1 1 1 2 2 1 1 2 2 2 2 2 2 1 1 2 1 0 0 1 1 2 1 2 2 0 0 2 1 2 1 1 1 1 1 2 2 2 1 1 1 1 1 2 1 2 2 0 0 2 1 1 1 2 2 2 2
OTank_4_Crab_2 1 1 2 1 1 1 1 1 0 0 2 1 2 2 1 1 2 2 2 2 2 1 2 1 2 2 2 1 2 2 2 2 2 1 2 2 2 2 2 2 2 1 2 2 1 1 1 1 1 1 2 2 2 2 2 1 2 2 2 2 1 1 1 1 0 0 2 2 0 0 2 2 1 1 2 2 2 1 1 1 1 1 2 2 2 2 2 2 2 1 2 2 2 1 1 1 2 1 2 2 1 1 1 1 2 2 2 2 2 2 2 2 2 2 2 2 2 1 1 1 1 1 2 2 1 1 2 1 1 1 1 1 1 1 1 1 2 2 0 0 1 1 1 1 2 1 1 1 2 1 2 2 2 2 1 1 2 2 2 1 2 1 2 2 2 2 1 1 2 1 2 2 2 1 2 2 2 1 1 1 2 2 0 0 1 1 1 1 1 1 2 2 2 2 2 2 2 2 1 1 1 1 1 1 2 1 2 2 2 2 1 1 2 1 2 2 2 2 2 2 0 0 2 2 2 2 1 1 2 2 1 1 2 2 2 2 2 2 2 1 1 1 2 2 0 0 2 2 2 1 2 2 0 0 2 1 2 1 2 1 2 1 2 1 2 1 2 2 2 2 1 1 2 2 2 2 2 1 2 1 2 2 2 1 2 2 2 2 2 1 0 0 1 1 1 1 2 2 2 2 2 2 2 2 2 2 0 0 1 1 2 1 2 2 2 2 1 1 0 0 2 2 2 1 2 1 2 1 1 1 2 1 1 1 2 2 1 1 0 0 2 2 1 1 2 2 2 2 2 2 2 1 1 1 2 1 2 2 2 1 2 1 2 1 2 2 1 1 2 2 1 1 2 1 1 1 2 2 2 1 2 2 2 2 2 2 1 1 1 1 2 2 2 1 1 1 0 0 2 2 2 1 2 2 2 2 1 1 1 1 2 2 2 2 1 1 2 2 0 0 2 1 2 1 2 2 1 1 0 0 1 1 2 2 2 2 0 0 2 1 2 2 1 1 2 2 0 0 2 1 1 1 2 2 1 1 2 2 1 1 1 1 1 1 2 1 1 1 1 1 1 1 2 1 2 1 2 1 2 2 2 2 1 1 2 2 2 1 1 1 2 2 0 0 1 1 2 1 2 2 1 1 2 2 1 1 2 2 1 1 1 1 1 1 2 2 2 2 2 2 0 0 2 2 1 1
OTank_4_Crab_3 1 1 2 2 2 1 1 1 2 2 2 1 2 2 1 1 2 1 2 2 1 1 1 1 2 1 2 1 2 2 2 1 2 2 2 2 1 1 2 2 2 1 2 2 2 1 1 1 1 1 1 1 2 2 2 2 2 2 2 2 1 1 2 2 2 2 2 2 2 2 2 2 1 1 2 2 2 2 0 0 1 1 2 2 2 2 2 1 2 1 2 2 2 1 1 1 2 1 2 1 1 1 1 1 2 1 2 2 2 2 1 1 2 2 2 2 2 2 2 2 1 1 2 2 1 1 1 1 1 1 2 2 1 1 0 0 2 1 2 1 1 1 1 1 0 0 1 1 1 1 2 1 2 1 2 1 2 2 0 0 1 1 2 2 2 2 0 0 1 1 2 2 1 1 2 2 2 2 2 1 2 2 2 2 2 2 1 1 2 1 2 2 1 1 2 2 2 2 2 1 0 0 2 1 0 0 1 1 2 2 0 0 2 1 2 2 2 1 2 2 0 0 1 1 1 1 2 2 2 1 2 1 2 1 2 2 2 2 1 1 1 1 2 1 1 1 2 1 2 2 2 2 2 2 2 2 1 1 1 1 2 2 1 1 2 2 0 0 2 1 1 1 2 2 2 2 2 1 2 1 2 2 2 2 0 0 0 0 2 1 1 1 2 2 1 1 2 2 1 1 2 2 2 2 1 1 2 2 1 1 2 1 1 1 2 2 1 1 2 2 2 1 0 0 1 1 1 1 1 1 2 2 1 1 2 2 1 1 2 1 2 2 1 1 2 2 2 2 2 1 2 1 1 1 1 1 2 2 1 1 2 1 2 1 1 1 1 1 1 1 1 1 2 2 1 1 1 1 1 1 2 2 2 2 2 2 2 1 1 1 1 1 1 1 1 1 1 1 2 1 2 2 2 2 2 1 1 1 2 2 2 2 1 1 1 1 2 2 2 2 2 2 1 1 1 1 2 1 1 1 2 2 2 2 2 2 1 1 2 2 2 2 1 1 2 1 0 0 2 1 2 1 2 2 2 1 2 2 1 1 1 1 1 1 2 2 1 1 0 0 2 1 2 2 1 1 1 1 2 2 2 2 2 2 2 2 2 2 2 2 1 1 2 1 2 1 2 2 2 1 1 1 1 1 0 0 2 2 1 1 1 1 2 1 2 1 2 2 2 2 2 1 2 2 1 1
OTank_5_Crab_1 1 1 2 1 2 1 1 1 2 2 1 1 2 1 1 1 2 1 1 1 0 0 2 2 2 1 0 0 2 2 2 1 2 2 0 0 2 2 2 1 2 1 2 2 1 1 1 1 2 2 0 0 2 2 2 1 2 2 2 2 1 1 2 1 2 2 2 2 2 2 2 2 2 1 2 1 2 1 1 1 1 1 2 2 1 1 1 1 2 1 2 1 2 1 2 1 2 1 1 1 2 2 2 2 2 1 0 0 2 2 2 1 0 0 2 1 2 2 2 1 1 1 2 2 1 1 1 1 2 1 0 0 1 1 1 1 2 1 1 1 1 1 1 1 1 1 1 1 1 1 2 1 2 1 2 2 2 2 2 1 2 2 2 2 2 1 2 2 1 1 2 2 1 1 1 1 2 1 0 0 2 2 0 0 0 0 2 1 1 1 2 1 2 1 2 2 1 1 1 1 1 1 2 2 2 2 1 1 2 2 2 2 1 1 2 2 2 1 2 2 2 2 0 0 2 2 2 2 2 2 1 1 2 1 2 1 2 1 2 2 1 1 0 0 2 2 2 2 2 2 2 2 2 2 2 2 2 2 2 2 2 1 2 2 2 2 2 2 2 2 2 2 1 1 2 2 2 1 2 2 2 2 2 2 2 1 2 2 2 1 1 1 2 1 1 1 2 2 2 2 2 2 1 1 1 1 1 1 2 1 2 2 2 2 1 1 2 1 2 2 1 1 2 2 2 2 2 1 2 1 2 2 2 1 2 2 2 2 2 2 2 2 2 1 2 2 2 2 2 1 2 1 1 1 1 1 2 2 1 1 2 1 2 2 1 1 1 1 2 2 0 0 2 2 0 0 2 1 2 2 2 2 2 2 1 1 2 1 0 0 2 2 2 1 1 1 2 1 2 2 0 0 2 2 2 2 1 1 2 2 1 1 2 1 2 1 2 2 1 1 0 0 2 2 0 0 2 1 1 1 0 0 2 2 2 2 2 2 1 1 1 1 1 1 2 2 0 0 2 1 2 2 2 2 0 0 1 1 1 1 0 0 1 1 1 1 1 1 1 1 0 0 2 2 2 1 1 1 2 2 2 2 0 0 1 1 1 1 1 1 2 2 2 1 2 1 2 1 1 1 1 1 1 1 2 1 2 2 2 2 2 1 1 1 2 2 2 2 2 1 2 1 2 2 1 1
OTank_5_Crab_2 1 1 2 2 1 1 1 1 0 0 1 1 1 1 2 2 2 2 2 2 1 1 2 2 1 1 2 2 0 0 2 1 2 1 2 2 2 2 2 2 2 1 1 1 0 0 1 1 1 1 2 1 0 0 1 1 0 0 1 1 2 1 2 1 1 1 2 2 2 2 2 1 2 1 2 1 1 1 2 2 2 1 0 0 2 2 2 2 2 2 2 2 2 1 2 1 2 2 2 2 2 2 2 2 2 1 2 1 0 0 1 1 0 0 2 2 2 2 2 2 2 2 2 1 1 1 1 1 2 2 2 2 1 1 1 1 1 1 2 2 0 0 2 2 2 1 2 2 1 1 2 2 1 1 2 2 2 2 2 1 0 0 2 2 2 2 2 2 2 2 2 2 2 1 2 1 2 2 2 1 2 2 2 1 2 1 1 1 2 2 2 2 0 0 0 0 2 2 1 1 2 2 2 2 2 1 1 1 2 2 1 1 2 1 1 1 1 1 2 2 2 2 2 1 2 1 2 1 2 2 1 1 1 1 2 2 2 2 2 1 2 2 2 1 2 1 1 1 2 2 2 2 2 2 2 2 0 0 1 1 2 2 0 0 0 0 1 1 0 0 2 2 0 0 1 1 2 2 2 2 2 1 2 1 2 2 1 1 2 2 2 1 2 2 2 2 2 2 2 2 2 2 1 1 1 1 2 1 2 1 1 1 2 1 0 0 2 2 1 1 1 1 2 2 2 1 2 2 2 2 1 1 2 2 2 2 0 0 0 0 2 2 2 2 2 2 2 2 2 2 2 1 2 2 2 2 2 2 1 1 2 1 2 1 0 0 2 2 2 2 1 1 1 1 1 1 2 2 2 2 1 1 1 1 2 2 2 1 2 1 2 2 1 1 2 2 2 2 2 2 2 2 2 2 0 0 2 2 2 2 2 2 1 1 0 0 2 1 1 1 2 2 2 1 2 2 2 1 2 2 2 2 1 1 2 2 2 1 2 1 2 2 0 0 2 2 2 2 2 2 2 2 1 1 1 1 2 1 1 1 2 2 1 1 0 0 2 2 2 1 2 2 2 2 2 2 2 2 0 0 1 1 1 1 2 2 1 1 0 0 1 1 2 2 0 0 0 0 2 2 1 1 2 2 2 1 2 2 1 1 1 1 2 2 0 0 2 2 1 1 1 1 1 1 1 1
OTank_5_Crab_3 1 1 2 1 2 2 2 1 2 2 2 2 2 2 1 1 2 2 2 1 1 1 2 2 1 1 1 1 2 2 2 1 1 1 2 2 2 2 0 0 0 0 2 2 1 1 1 1 1 1 2 2 2 1 0 0 1 1 2 1 2 2 1 1 2 1 0 0 2 2 1 1 2 2 1 1 0 0 2 2 2 2 1 1 1 1 2 2 2 2 2 2 2 1 2 1 2 2 1 1 1 1 2 2 1 1 2 1 2 2 1 1 2 2 1 1 2 2 2 2 1 1 1 1 1 1 2 1 2 2 0 0 1 1 0 0 2 1 1 1 2 2 2 2 0 0 2 1 1 1 1 1 2 1 2 1 1 1 1 1 2 2 2 2 1 1 2 2 0 0 2 2 0 0 2 2 2 2 2 2 1 1 0 0 1 1 2 2 2 1 2 2 2 2 1 1 2 2 2 2 2 2 2 2 0 0 2 1 1 1 2 1 1 1 2 2 0 0 2 2 1 1 2 2 1 1 2 2 2 2 2 1 2 1 1 1 2 2 1 1 2 1 0 0 2 2 2 2 2 2 1 1 2 2 1 1 1 1 2 1 1 1 0 0 2 1 2 1 2 2 2 2 1 1 2 2 2 2 2 2 0 0 1 1 2 2 2 2 2 2 2 2 1 1 1 1 1 1 2 1 2 1 1 1 1 1 2 1 2 2 2 1 1 1 1 1 1 1 2 1 2 2 2 2 2 1 2 2 2 1 2 1 1 1 2 2 2 2 1 1 2 2 2 1 2 2 1 1 2 2 2 2 2 1 2 2 2 2 1 1 2 1 1 1 2 1 2 2 2 2 1 1 1 1 1 1 2 2 2 2 2 2 2 2 1 1 2 2 2 2 2 2 2 1 2 1 1 1 2 2 1 1 0 0 1 1 2 2 0 0 1 1 2 2 1 1 2 2 2 2 2 2 1 1 2 1 1 1 2 2 2 2 0 0 1 1 1 1 1 1 1 1 2 1 1 1 2 2 1 1 2 2 2 1 2 1 1 1 1 1 2 2 1 1 1 1 2 2 1 1 1 1 1 1 2 1 2 1 1 1 2 1 1 1 0 0 2 1 2 2 2 2 2 2 2 2 2 1 2 2 2 2 1 1 2 2 1 1 1 1 1 1 1 1 1 1 2 1 1 1 2 1 0 0 1 1
OTank_7_Crab_1 2 2 2 2 2 2 1 1 0 0 0 0 2 2 2 2 1 1 1 1 2 2 1 1 1 1 2 1 1 1 1 1 2 2 2 2 2 1 2 2 2 1 2 1 2 2 2 2 1 1 1 1 2 2 2 2 2 2 1 1 2 1 2 2 2 2 2 2 1 1 0 0 2 1 2 2 0 0 2 2 1 1 1 1 1 1 0 0 1 1 1 1 0 0 1 1 2 1 1 1 2 1 2 1 2 2 0 0 2 2 2 2 2 2 2 2 2 2 2 1 1 1 2 2 2 2 2 2 2 2 0 0 2 2 1 1 2 1 2 2 1 1 2 2 2 2 2 2 0 0 2 2 2 2 2 2 2 2 2 2 2 2 1 1 2 2 1 1 2 2 2 2 1 1 2 2 2 2 2 2 0 0 1 1 1 1 2 1 2 2 0 0 2 2 2 2 2 1 1 1 2 2 2 2 1 1 2 2 1 1 2 2 1 1 0 0 0 0 1 1 2 2 1 1 2 2 2 2 2 1 2 1 2 1 1 1 1 1 1 1 1 1 2 1 2 2 1 1 2 1 2 2 1 1 0 0 1 1 2 2 2 2 2 1 1 1 2 2 1 1 2 1 2 2 2 2 2 1 2 1 2 1 2 1 1 1 0 0 1 1 1 1 1 1 2 1 1 1 2 2 2 2 2 2 2 1 2 2 2 2 2 2 2 2 2 2 0 0 1 1 2 2 1 1 2 2 0 0 1 1 2 1 1 1 2 2 2 2 2 2 2 2 2 2 2 2 2 1 2 2 2 1 0 0 2 1 2 1 1 1 0 0 2 2 1 1 1 1 2 2 2 1 0 0 1 1 2 2 2 2 2 1 2 1 2 2 2 1 2 1 1 1 2 2 2 2 2 1 2 1 1 1 2 1 2 2 1 1 2 2 0 0 2 2 2 2 1 1 2 2 1 1 1 1 2 2 1 1 2 2 1 1 2 1 2 2 1 1 0 0 1 1 1 1 2 2 2 2 2 2 1 1 1 1 2 1 1 1 2 2 1 1 1 1 2 1 2 2 1 1 2 2 2 2 2 2 1 1 2 1 2 1 0 0 2 2 2 2 1 1 1 1 2 2 2 1 0 0 2 2 0 0 1 1 2 2 2 2 1 1 1 1 1 1 1 1 0 0 1 1 2 2 2 1 2 1
OTank_7_Crab_3 1 1 1 1 2 2 0 0 1 1 2 2 2 2 0 0 2 2 2 2 0 0 2 1 1 1 2 1 0 0 2 2 1 1 1 1 2 2 1 1 2 2 2 1 1 1 0 0 1 1 2 2 1 1 1 1 0 0 2 2 2 2 2 2 1 1 2 2 2 2 1 1 0 0 2 2 2 1 2 2 2 2 2 1 0 0 2 2 2 1 2 2 2 1 0 0 0 0 2 2 2 2 1 1 2 2 1 1 1 1 0 0 1 1 1 1 1 1 1 1 1 1 0 0 1 1 1 1 2 2 2 1 2 1 2 1 2 1 0 0 2 2 1 1 1 1 1 1 2 2 1 1 2 2 2 1 0 0 2 2 2 2 2 2 2 1 1 1 2 2 2 2 2 1 2 2 1 1 0 0 2 2 1 1 1 1 2 2 2 2 2 2 2 2 1 1 2 1 0 0 2 2 0 0 2 2 1 1 0 0 2 1 2 1 2 2 0 0 2 2 1 1 2 2 0 0 1 1 0 0 1 1 2 2 1 1 2 1 2 2 1 1 2 2 2 1 2 2 1 1 2 1 1 1 1 1 2 2 1 1 1 1 2 1 2 2 2 2 2 1 0 0 2 1 0 0 2 1 2 1 1 1 2 2 2 2 1 1 2 2 1 1 1 1 2 2 1 1 0 0 0 0 2 2 0 0 2 2 2 2 1 1 2 1 2 2 1 1 2 2 2 2 1 1 1 1 1 1 1 1 1 1 2 2 2 2 2 2 2 2 2 1 2 2 2 1 2 1 1 1 2 2 1 1 2 2 2 1 2 2 1 1 2 2 1 1 1 1 1 1 1 1 1 1 2 2 0 0 2 1 0 0 2 1 0 0 0 0 1 1 2 2 0 0 2 2 2 1 2 2 1 1 2 1 1 1 1 1 0 0 2 2 2 1 2 2 2 2 2 1 2 2 0 0 2 2 1 1 1 1 0 0 2 2 2 2 1 1 1 1 0 0 1 1 2 2 1 1 2 1 2 2 1 1 2 1 0 0 2 2 0 0 2 2 2 2 2 2 2 2 2 1 0 0 2 1 2 2 2 2 1 1 1 1 2 2 2 2 2 2 2 2 2 2 1 1 2 1 2 2 2 1 2 1 1 1 2 2 0 0 2 2 2 2 1 1 1 1 1 1 2 2 1 1 1 1
OTank_7_Crab_4 2 2 1 1 2 2 2 1 1 1 2 1 1 1 1 1 0 0 1 1 1 1 0 0 2 2 1 1 0 0 1 1 2 2 2 2 2 2 1 1 2 1 1 1 2 2 2 2 2 2 1 1 0 0 2 2 2 2 2 1 2 1 0 0 2 2 2 2 0 0 1 1 2 2 2 1 0 0 2 1 1 1 1 1 2 2 2 2 0 0 0 0 2 1 2 2 2 2 2 1 2 2 2 2 2 2 1 1 0 0 1 1 2 2 1 1 1 1 0 0 2 2 2 1 1 1 0 0 2 2 1 1 1 1 0 0 2 2 2 2 1 1 0 0 2 1 1 1 1 1 2 2 2 1 0 0 2 2 2 1 1 1 2 2 0 0 2 2 2 2 2 1 1 1 2 2 2 1 2 2 2 2 0 0 1 1 0 0 0 0 2 2 2 2 2 2 0 0 2 2 2 1 2 2 0 0 2 2 0 0 2 1 0 0 2 2 2 2 1 1 2 1 2 2 0 0 2 2 1 1 0 0 2 1 2 2 1 1 0 0 1 1 2 2 0 0 2 2 2 1 2 2 0 0 1 1 0 0 2 2 2 1 2 1 2 2 2 2 2 2 2 2 2 2 2 2 2 1 2 2 2 2 2 2 0 0 0 0 2 2 1 1 0 0 2 2 2 2 0 0 0 0 0 0 0 0 1 1 2 1 0 0 2 2 2 2 0 0 0 0 2 1 2 1 0 0 0 0 1 1 2 2 1 1 1 1 2 2 0 0 2 2 2 2 2 1 2 2 0 0 0 0 2 2 2 2 1 1 2 2 2 1 2 2 2 1 2 2 1 1 0 0 0 0 2 2 0 0 2 1 1 1 1 1 0 0 2 2 0 0 2 1 2 2 0 0 0 0 2 2 2 1 1 1 1 1 2 2 0 0 0 0 0 0 1 1 1 1 2 2 2 2 0 0 0 0 2 2 2 2 2 2 0 0 2 1 2 2 0 0 1 1 1 1 2 2 2 2 2 2 0 0 1 1 2 1 2 2 2 2 2 2 2 2 2 2 2 2 0 0 2 2 1 1 2 2 2 2 1 1 2 2 1 1 2 2 2 2 2 2 2 2 2 1 2 2 1 1 0 0 0 0 1 1 2 2 0 0 1 1 1 1 1 1 2 2 1 1 1 1 2 2 2 2 1 1
OTank_9_Crab_1 1 1 2 2 0 0 2 2 2 2 2 2 0 0 2 2 1 1 2 2 2 2 1 1 0 0 1 1 2 1 2 2 2 1 2 2 2 2 2 2 2 2 2 2 0 0 0 0 2 2 2 1 2 1 0 0 2 2 1 1 2 2 1 1 2 1 1 1 2 1 1 1 2 1 2 1 2 1 2 2 2 2 1 1 1 1 1 1 2 1 2 1 1 1 2 1 2 1 2 2 1 1 2 2 1 1 1 1 2 2 2 1 2 2 2 2 2 1 2 1 2 1 1 1 1 1 1 1 2 1 1 1 1 1 2 1 2 2 2 2 2 2 2 2 2 2 0 0 1 1 2 1 1 1 2 2 1 1 2 1 2 2 1 1 2 1 0 0 2 1 2 2 2 1 2 1 0 0 2 2 1 1 2 2 1 1 1 1 2 1 2 2 2 2 1 1 2 2 2 2 2 2 2 2 2 2 2 2 2 2 2 2 1 1 2 2 2 1 2 2 1 1 2 2 2 1 1 1 1 1 0 0 2 2 1 1 0 0 1 1 2 1 2 1 2 1 2 1 2 1 2 2 2 1 1 1 0 0 2 2 2 1 1 1 2 2 1 1 1 1 0 0 2 2 1 1 2 2 2 2 0 0 1 1 2 2 2 2 2 1 2 2 1 1 2 1 0 0 2 1 2 1 2 1 2 2 1 1 2 2 2 2 1 1 2 2 2 1 1 1 0 0 2 1 2 1 1 1 2 1 2 1 1 1 2 2 2 2 2 2 1 1 2 2 2 2 1 1 1 1 2 1 1 1 2 2 1 1 2 1 2 1 2 1 2 2 2 2 2 1 1 1 2 1 0 0 2 1 1 1 2 2 1 1 2 1 2 2 2 1 1 1 2 2 2 2 1 1 2 1 2 1 2 1 2 1 2 2 1 1 1 1 2 2 2 1 1 1 2 2 1 1 1 1 0 0 2 2 2 1 2 2 2 1 1 1 1 1 2 1 2 2 1 1 1 1 2 2 2 1 2 2 2 2 2 1 1 1 1 1 2 1 2 2 2 2 2 2 1 1 2 1 1 1 2 1 1 1 1 1 2 2 2 2 2 2 2 1 2 2 2 1 2 2 1 1 2 1 2 2 2 2 1 1 2 2 1 1 2 1 2 2 2 2 1 1 1 1 1 1 2 1 1 1 1 1
OTank_9_Crab_2 2 2 1 1 2 2 2 2 1 1 2 2 1 1 1 1 0 0 2 2 1 1 1 1 0 0 1 1 1 1 2 1 2 2 2 2 0 0 2 1 2 1 2 2 0 0 1 1 1 1 2 2 0 0 1 1 1 1 0 0 0 0 1 1 0 0 2 2 2 2 0 0 2 2 1 1 2 1 0 0 1 1 1 1 2 1 1 1 2 1 0 0 1 1 2 1 2 2 1 1 2 2 2 2 2 2 1 1 2 2 1 1 2 2 2 2 1 1 2 2 0 0 2 1 1 1 2 2 2 2 1 1 1 1 1 1 0 0 2 2 2 2 1 1 0 0 2 2 1 1 2 2 2 2 2 1 2 2 1 1 1 1 0 0 2 1 2 2 1 1 2 2 0 0 2 2 0 0 1 1 2 2 2 2 2 2 1 1 1 1 2 2 2 2 2 2 1 1 2 2 1 1 2 2 2 1 2 2 2 1 2 1 1 1 0 0 2 2 0 0 1 1 2 2 1 1 0 0 2 2 1 1 2 1 2 2 1 1 2 1 2 1 2 2 2 1 2 2 2 2 0 0 2 2 0 0 1 1 2 2 2 2 1 1 2 2 2 2 0 0 2 2 2 1 2 2 2 1 1 1 2 2 0 0 2 2 2 2 2 2 2 1 1 1 2 1 2 2 1 1 2 2 2 2 2 2 1 1 0 0 1 1 0 0 2 2 1 1 2 2 1 1 0 0 2 2 1 1 1 1 2 2 1 1 1 1 2 2 0 0 2 2 2 2 0 0 2 2 2 2 0 0 2 2 2 2 0 0 2 2 2 1 2 2 1 1 2 2 2 1 1 1 2 2 1 1 0 0 2 2 2 2 2 2 1 1 2 1 2 1 2 1 0 0 2 1 2 1 2 1 2 2 2 1 2 2 2 2 2 2 2 2 0 0 0 0 2 2 1 1 2 2 2 1 1 1 1 1 2 2 2 2 2 1 1 1 2 2 2 2 2 2 0 0 0 0 1 1 2 2 2 2 2 1 1 1 2 2 2 2 1 1 1 1 1 1 2 2 2 2 2 2 2 2 2 2 2 2 0 0 2 1 1 1 2 2 2 2 2 2 0 0 2 1 1 1 1 1 2 2 1 1 2 1 2 2 1 1 1 1 2 2 2 1 2 2 2 1 1 1 0 0 2 1 2 1
OTank_9_Crab_3 1 1 2 2 0 0 2 1 2 2 2 1 2 1 1 1 0 0 0 0 1 1 2 1 2 2 1 1 1 1 2 2 2 1 1 1 2 2 2 2 2 2 2 2 1 1 1 1 2 1 2 1 2 2 2 2 0 0 1 1 2 2 1 1 2 1 2 2 2 1 0 0 2 2 1 1 2 2 1 1 1 1 1 1 1 1 2 2 2 1 2 2 1 1 0 0 0 0 2 2 1 1 2 2 1 1 1 1 2 2 1 1 1 1 2 2 2 2 2 2 2 1 2 2 1 1 2 2 1 1 2 2 2 2 1 1 1 1 2 2 1 1 1 1 2 1 2 1 2 1 1 1 2 2 2 1 1 1 1 1 2 2 2 2 2 1 1 1 2 2 2 2 2 2 2 2 1 1 2 2 2 1 2 2 1 1 2 2 1 1 1 1 2 2 2 2 1 1 2 2 2 2 2 2 1 1 1 1 1 1 2 1 2 1 2 1 2 2 1 1 2 1 0 0 2 1 1 1 2 2 1 1 2 2 2 2 2 2 2 2 1 1 1 1 2 2 1 1 0 0 2 2 2 2 2 1 2 2 1 1 1 1 2 2 2 1 1 1 2 1 0 0 2 2 2 2 2 2 2 2 2 2 0 0 2 2 1 1 1 1 2 2 1 1 2 1 1 1 2 1 2 2 1 1 1 1 2 2 2 2 2 1 2 2 2 2 2 2 1 1 2 2 2 2 2 2 1 1 1 1 2 1 1 1 0 0 1 1 2 2 2 2 2 2 2 2 2 2 1 1 2 1 2 1 2 1 2 2 1 1 2 1 2 1 0 0 2 2 1 1 2 1 2 2 1 1 2 2 1 1 1 1 1 1 1 1 2 2 2 2 1 1 1 1 1 1 1 1 2 1 1 1 0 0 1 1 1 1 2 2 2 2 2 1 2 1 1 1 0 0 1 1 2 1 2 2 1 1 2 2 2 2 2 1 0 0 2 1 2 2 2 2 2 1 2 1 2 2 2 2 1 1 2 2 2 2 2 2 1 1 2 2 1 1 1 1 2 2 0 0 2 2 1 1 2 1 1 1 2 2 2 2 2 2 2 1 2 1 2 2 1 1 0 0 2 2 2 2 2 2 2 2 1 1 1 1 0 0 2 2 1 1 2 1 2 2 1 1 2 2 2 2 1 1 1 1
OTank_9_Crab_4 1 1 2 2 2 2 2 2 2 2 1 1 2 2 1 1 2 2 2 2 2 1 1 1 1 1 2 2 2 1 2 2 2 2 1 1 0 0 2 2 2 2 1 1 1 1 1 1 2 1 2 2 2 2 2 2 2 2 2 2 0 0 2 2 1 1 2 1 0 0 1 1 2 2 2 2 2 2 2 2 1 1 2 2 1 1 2 2 2 1 2 1 1 1 2 1 2 1 2 2 1 1 1 1 1 1 1 1 1 1 0 0 2 2 0 0 2 2 2 2 2 2 0 0 2 2 2 2 2 1 2 2 1 1 2 2 2 2 2 2 1 1 0 0 2 1 2 2 2 2 0 0 1 1 2 2 1 1 2 2 1 1 2 2 1 1 2 2 1 1 1 1 2 1 0 0 2 2 1 1 1 1 1 1 1 1 2 2 1 1 0 0 2 1 1 1 1 1 2 2 1 1 2 2 2 1 2 2 0 0 1 1 2 1 1 1 0 0 2 2 2 2 0 0 2 2 2 1 0 0 2 2 1 1 2 2 0 0 2 2 2 1 0 0 2 1 1 1 0 0 1 1 2 2 1 1 2 1 1 1 2 2 2 2 1 1 0 0 2 1 2 1 2 2 2 2 2 1 2 2 2 2 2 2 1 1 2 2 2 2 1 1 1 1 2 1 0 0 2 1 1 1 2 2 2 1 1 1 0 0 2 2 2 2 2 1 2 2 2 2 2 2 2 1 1 1 2 2 2 2 2 1 2 2 1 1 2 2 1 1 1 1 1 1 1 1 2 2 0 0 1 1 2 1 2 2 1 1 2 2 2 2 2 2 2 1 2 2 1 1 1 1 1 1 2 2 2 2 2 1 0 0 0 0 2 2 2 2 2 2 2 2 2 2 2 2 2 2 1 1 1 1 1 1 2 1 1 1 0 0 1 1 2 1 2 2 1 1 2 1 2 2 2 2 2 2 2 2 2 1 2 2 2 1 1 1 2 1 2 2 2 2 0 0 2 2 2 2 2 2 1 1 0 0 0 0 2 2 0 0 1 1 1 1 0 0 2 2 1 1 1 1 2 2 1 1 2 2 2 1 1 1 2 1 0 0 2 1 2 2 2 2 1 1 2 2 2 2 2 2 0 0 2 2 1 1 1 1 0 0 1 1 2 1 2 2 2 1 2 2 2 2 2 2 1 1

0  0     !prob. of dad/mum included in the candidates
0  0       !numbers of candidate males & females
0  0          !#known father-offspring dyads, paternity exclusion threshold
0  0          !#known mother-offspring dyads, maternity exclusion threshold
0             !#known paternal sibship with unknown fathers
0             !#known maternal sibship with unknown mothers
0             !#known paternity exclusions
0             !#known maternity exclusions
0             !#known paternal sibship exclusions
0             !#known maternal sibship exclusions
