        43       263        43        43  2  0  0  0
 0 0 0 0 0 0 0 0 0 0 0 0 0 0 0 0 0 0 0 0
 0 0 0 0 0 0 0 0 0 0 0 0 0 0 0 0 0 0 0 0
 0 0 0 0 0 0 0 0 0 0 0 0 0 0 0 0 0 0 0 0
 0 0 0 0 0 0 0 0 0 0 0 0 0 0 0 0 0 0 0 0
 0 0 0 0 0 0 0 0 0 0 0 0 0 0 0 0 0 0 0 0
 0 0 0 0 0 0 0 0 0 0 0 0 0 0 0 0 0 0 0 0
 0 0 0 0 0 0 0 0 0 0 0 0 0 0 0 0 0 0 0 0
 0 0 0 0 0 0 0 0 0 0 0 0 0 0 0 0 0 0 0 0
 0 0 0 0 0 0 0 0 0 0 0 0 0 0 0 0 0 0 0 0
 0 0 0 0 0 0 0 0 0 0 0 0 0 0 0 0 0 0 0 0
 0 0 0 0 0 0 0 0 0 0 0 0 0 0 0 0 0 0 0 0
 0 0 0 0 0 0 0 0 0 0 0 0 0 0 0 0 0 0 0 0
 0 0 0 0 0 0 0 0 0 0 0 0 0 0 0 0 0 0 0 0
 0 0 0
 0 0 0 0 0 0 0 0 0 0
 0 0 0 0 0 0 0 0 0 0
 0 0 0 0 0 0 0 0 0 0
 0 0 0 0 0 0 0 0 0 0
 0 0 0 0 0 0 0 0 0 0
 0 0 0 0 0 0 0 0 0 0
 0 0 0 0 0 0 0 0 0 0
 0 0 0 0 0 0 0 0 0 0
 0 0 0 0 0 0 0 0 0 0
 0 0 0 0 0 0 0 0 0 0
 0 0 0 0 0 0 0 0 0 0
 0 0 0 0 0 0 0 0 0 0
 0 0 0 0 0 0 0 0 0 0
 0 0 0 0 0 0 0 0 0 0
 0 0 0 0 0 0 0 0 0 0
 0 0 0 0 0 0 0 0 0 0
 0 0 0 0 0 0 0 0 0 0
 0 0 0 0 0 0 0 0 0 0
 0 0 0 0 0 0 0 0 0 0
 0 0 0 0 0 0 0 0 0 0
 0 0 0 0 0 0 0 0 0 0
 0 0 0 0 0 0 0 0 0 0
 0 0 0 0 0 0 0 0 0 0
 0 0 0 0 0 0 0 0 0 0
 0 0 0 0 0 0 0 0 0 0
 0 0 0 0 0 0 0 0 0 0
 0 0 0
 0.0001000 0.0001000 0.0001000 0.0001000 0.0001000 0.0001000 0.0001000 0.0001000 0.0001000 0.0001000
 0.0001000 0.0001000 0.0001000 0.0001000 0.0001000 0.0001000 0.0001000 0.0001000 0.0001000 0.0001000
 0.0001000 0.0001000 0.0001000 0.0001000 0.0001000 0.0001000 0.0001000 0.0001000 0.0001000 0.0001000
 0.0001000 0.0001000 0.0001000 0.0001000 0.0001000 0.0001000 0.0001000 0.0001000 0.0001000 0.0001000
 0.0001000 0.0001000 0.0001000 0.0001000 0.0001000 0.0001000 0.0001000 0.0001000 0.0001000 0.0001000
 0.0001000 0.0001000 0.0001000 0.0001000 0.0001000 0.0001000 0.0001000 0.0001000 0.0001000 0.0001000
 0.0001000 0.0001000 0.0001000 0.0001000 0.0001000 0.0001000 0.0001000 0.0001000 0.0001000 0.0001000
 0.0001000 0.0001000 0.0001000 0.0001000 0.0001000 0.0001000 0.0001000 0.0001000 0.0001000 0.0001000
 0.0001000 0.0001000 0.0001000 0.0001000 0.0001000 0.0001000 0.0001000 0.0001000 0.0001000 0.0001000
 0.0001000 0.0001000 0.0001000 0.0001000 0.0001000 0.0001000 0.0001000 0.0001000 0.0001000 0.0001000
 0.0001000 0.0001000 0.0001000 0.0001000 0.0001000 0.0001000 0.0001000 0.0001000 0.0001000 0.0001000
 0.0001000 0.0001000 0.0001000 0.0001000 0.0001000 0.0001000 0.0001000 0.0001000 0.0001000 0.0001000
 0.0001000 0.0001000 0.0001000 0.0001000 0.0001000 0.0001000 0.0001000 0.0001000 0.0001000 0.0001000
 0.0001000 0.0001000 0.0001000 0.0001000 0.0001000 0.0001000 0.0001000 0.0001000 0.0001000 0.0001000
 0.0001000 0.0001000 0.0001000 0.0001000 0.0001000 0.0001000 0.0001000 0.0001000 0.0001000 0.0001000
 0.0001000 0.0001000 0.0001000 0.0001000 0.0001000 0.0001000 0.0001000 0.0001000 0.0001000 0.0001000
 0.0001000 0.0001000 0.0001000 0.0001000 0.0001000 0.0001000 0.0001000 0.0001000 0.0001000 0.0001000
 0.0001000 0.0001000 0.0001000 0.0001000 0.0001000 0.0001000 0.0001000 0.0001000 0.0001000 0.0001000
 0.0001000 0.0001000 0.0001000 0.0001000 0.0001000 0.0001000 0.0001000 0.0001000 0.0001000 0.0001000
 0.0001000 0.0001000 0.0001000 0.0001000 0.0001000 0.0001000 0.0001000 0.0001000 0.0001000 0.0001000
 0.0001000 0.0001000 0.0001000 0.0001000 0.0001000 0.0001000 0.0001000 0.0001000 0.0001000 0.0001000
 0.0001000 0.0001000 0.0001000 0.0001000 0.0001000 0.0001000 0.0001000 0.0001000 0.0001000 0.0001000
 0.0001000 0.0001000 0.0001000 0.0001000 0.0001000 0.0001000 0.0001000 0.0001000 0.0001000 0.0001000
 0.0001000 0.0001000 0.0001000 0.0001000 0.0001000 0.0001000 0.0001000 0.0001000 0.0001000 0.0001000
 0.0001000 0.0001000 0.0001000 0.0001000 0.0001000 0.0001000 0.0001000 0.0001000 0.0001000 0.0001000
 0.0001000 0.0001000 0.0001000 0.0001000 0.0001000 0.0001000 0.0001000 0.0001000 0.0001000 0.0001000
 0.0001000 0.0001000 0.0001000
 0.0000000 0.0000000         0         0
         0
         0
         0
         0
